0.000000000000000000e+00 6.125833953845167343e+03
5.555555555555555247e-02 8.379931806564505678e+03
1.111111111111111049e-01 1.062668417502901866e+04
1.666666666666666574e-01 1.135311084563014265e+04
2.222222222222222099e-01 1.130824119564326975e+04
2.777777777777777901e-01 1.142639830103387067e+04
3.333333333333333148e-01 1.148608390517275438e+04
3.888888888888888395e-01 1.157445126250974681e+04
4.444444444444444198e-01 1.158484562223993089e+04
5.000000000000000000e-01 1.171453073412497179e+04
5.555555555555555802e-01 1.172718473953738794e+04
6.111111111111110494e-01 1.182110219688574398e+04
6.666666666666666297e-01 1.186043253384096533e+04
7.222222222222222099e-01 1.193085538888697920e+04
7.777777777777776791e-01 1.196497746475817075e+04
8.333333333333332593e-01 1.207090501837855481e+04
8.888888888888888395e-01 1.214484383231375796e+04
9.444444444444444198e-01 1.225191733383844621e+04
1.000000000000000000e+00 1.231837851648372089e+04
1.055555555555555580e+00 1.239535522513907563e+04
1.111111111111111160e+00 1.244240106237541113e+04
1.166666666666666519e+00 1.248700624288256404e+04
1.222222222222222099e+00 1.250615084601730996e+04
1.277777777777777679e+00 1.257534481023526132e+04
1.333333333333333259e+00 1.262107220551179489e+04
1.388888888888888840e+00 1.266498437481922520e+04
1.444444444444444420e+00 1.269637199082743609e+04
1.500000000000000000e+00 1.276261413063770669e+04
1.555555555555555358e+00 1.280632354029865201e+04
1.611111111111110938e+00 1.287113289506042565e+04
1.666666666666666519e+00 1.291873322507814373e+04
1.722222222222222099e+00 1.297694136358298965e+04
1.777777777777777679e+00 1.301980135237747345e+04
1.833333333333333259e+00 1.305813463313032298e+04
1.888888888888888840e+00 1.306585436160928839e+04
1.944444444444444420e+00 1.311760073219058359e+04
2.000000000000000000e+00 1.313469872953593767e+04
2.055555555555555358e+00 1.316974756459702076e+04
2.111111111111111160e+00 1.319002031970299140e+04
2.166666666666666519e+00 1.325422306039213800e+04
2.222222222222222321e+00 1.327861360974218042e+04
2.277777777777777679e+00 1.331993326763733421e+04
2.333333333333333037e+00 1.334659497209241999e+04
2.388888888888888840e+00 1.342851695619929160e+04
2.444444444444444198e+00 1.343492053445212332e+04
2.500000000000000000e+00 1.347015450819429861e+04
2.555555555555555358e+00 1.352566870836316593e+04
2.611111111111111160e+00 1.358022293974323293e+04
2.666666666666666519e+00 1.356395284913135765e+04
2.722222222222221877e+00 1.357465256299591601e+04
2.777777777777777679e+00 1.357489387187660031e+04
2.833333333333333037e+00 1.354879040033313504e+04
2.888888888888888840e+00 1.351603238920443073e+04
2.944444444444444198e+00 1.349844703835023029e+04
3.000000000000000000e+00 1.348596126181868931e+04
3.055555555555555358e+00 1.347590044704703541e+04
3.111111111111110716e+00 1.347362772291586407e+04
3.166666666666666519e+00 1.349418127944695516e+04
3.222222222222221877e+00 1.348005880000082470e+04
3.277777777777777679e+00 1.347182795474986415e+04
3.333333333333333037e+00 1.344114283200641876e+04
3.388888888888888840e+00 1.339021021017474050e+04
3.444444444444444198e+00 1.333420990356011862e+04
3.500000000000000000e+00 1.330768307215243658e+04
3.555555555555555358e+00 1.324411562732952007e+04
3.611111111111110716e+00 1.319678267062314808e+04
3.666666666666666519e+00 1.312800398400545600e+04
3.722222222222221877e+00 1.304779186280392969e+04
3.777777777777777679e+00 1.298329624359096124e+04
3.833333333333333037e+00 1.294019565547847196e+04
3.888888888888888840e+00 1.284781882294989919e+04
3.944444444444444198e+00 1.281200687964993631e+04
4.000000000000000000e+00 1.278197189254439400e+04
4.055555555555555358e+00 1.271498996723487653e+04
4.111111111111110716e+00 1.265922300104130591e+04
4.166666666666666075e+00 1.264288906153097741e+04
4.222222222222222321e+00 1.260222906997924656e+04
4.277777777777777679e+00 1.252134734797411147e+04
4.333333333333333037e+00 1.243928060749092219e+04
4.388888888888888395e+00 1.238494602409320760e+04
4.444444444444444642e+00 1.231738900537135123e+04
4.500000000000000000e+00 1.225732018897500893e+04
4.555555555555555358e+00 1.223522830571932172e+04
4.611111111111110716e+00 1.220441165299614295e+04
4.666666666666666075e+00 1.213486954805630012e+04
4.722222222222222321e+00 1.209465147215194338e+04
4.777777777777777679e+00 1.203884124552975118e+04
4.833333333333333037e+00 1.196592383004814837e+04
4.888888888888888395e+00 1.198540737403096864e+04
4.944444444444443754e+00 1.191227377682775841e+04
5.000000000000000000e+00 1.182634823253768627e+04
5.055555555555555358e+00 1.176605204007447355e+04
5.111111111111110716e+00 1.169771445701838456e+04
5.166666666666666075e+00 1.156588280034555282e+04
5.222222222222222321e+00 1.153122760155036667e+04
5.277777777777777679e+00 1.148368525077960840e+04
5.333333333333333037e+00 1.139720861458906620e+04
5.388888888888888395e+00 1.134723290803023156e+04
5.444444444444443754e+00 1.128365394697363081e+04
5.500000000000000000e+00 1.123413482523558378e+04
5.555555555555555358e+00 1.119622855154780336e+04
5.611111111111110716e+00 1.117434298369523640e+04
5.666666666666666075e+00 1.113631540120973841e+04
5.722222222222222321e+00 1.110509795919790122e+04
5.777777777777777679e+00 1.107919599685495450e+04
5.833333333333333037e+00 1.101720651567255845e+04
5.888888888888888395e+00 1.093651736742599314e+04
5.944444444444443754e+00 1.087729823253965878e+04
6.000000000000000000e+00 1.082334652098633342e+04
6.055555555555555358e+00 1.073790345940289990e+04
6.111111111111110716e+00 1.069172664560067096e+04
6.166666666666666075e+00 1.069163314608711153e+04
6.222222222222221433e+00 1.062845822112802489e+04
6.277777777777777679e+00 1.058334550782428778e+04
6.333333333333333037e+00 1.053110862398256359e+04
6.388888888888888395e+00 1.045481932674461859e+04
6.444444444444443754e+00 1.035579933415820778e+04
6.500000000000000000e+00 1.030252335245950417e+04
6.555555555555555358e+00 1.022154672003420455e+04
6.611111111111110716e+00 1.017448929436548497e+04
6.666666666666666075e+00 1.011500702536487915e+04
6.722222222222221433e+00 1.007022483937110883e+04
6.777777777777777679e+00 1.000386538090512113e+04
6.833333333333333037e+00 9.915421439054185612e+03
6.888888888888888395e+00 9.829149218153273978e+03
6.944444444444443754e+00 9.778969035749627437e+03
7.000000000000000000e+00 9.689384352089347885e+03
7.055555555555555358e+00 9.608859614976750890e+03
7.111111111111110716e+00 9.548876960277284525e+03
7.166666666666666075e+00 9.482873854033623502e+03
7.222222222222221433e+00 9.383793447866017232e+03
7.277777777777777679e+00 9.304079256870516474e+03
7.333333333333333037e+00 9.184796575622483942e+03
7.388888888888888395e+00 9.125253903576145603e+03
7.444444444444443754e+00 8.993422650537364461e+03
7.500000000000000000e+00 8.891759139699246589e+03
7.555555555555555358e+00 8.809038424796464824e+03
7.611111111111110716e+00 8.778875862192060595e+03
7.666666666666666075e+00 8.674361390853408011e+03
7.722222222222221433e+00 8.631425984923387659e+03
7.777777777777777679e+00 8.558220198988447009e+03
7.833333333333333037e+00 8.500760772565077787e+03
7.888888888888888395e+00 8.400679155917548997e+03
7.944444444444443754e+00 8.335795669143986743e+03
8.000000000000000000e+00 8.254780172090997439e+03
8.055555555555555358e+00 8.199480836445278328e+03
8.111111111111110716e+00 8.091749048375728307e+03
8.166666666666666075e+00 8.050739277025892989e+03
8.222222222222221433e+00 7.980575644165488484e+03
8.277777777777776791e+00 7.919199837438538452e+03
8.333333333333332149e+00 7.863052846011884867e+03
8.388888888888889284e+00 7.832412033616038570e+03
8.444444444444444642e+00 7.764802782712858061e+03
8.500000000000000000e+00 7.730776223521699649e+03
8.500000000000000000e+00 7.730776223521699649e+03
8.552631578947368141e+00 7.714641562020822676e+03
8.605263157894736281e+00 7.709044267942488659e+03
8.657894736842104422e+00 7.693925940031605023e+03
8.710526315789474339e+00 7.750002447991721965e+03
8.763157894736842479e+00 7.748785203603105401e+03
8.815789473684210620e+00 7.758605861395561078e+03
8.868421052631578760e+00 7.761135534779391492e+03
8.921052631578946901e+00 7.744740427356357031e+03
8.973684210526315042e+00 7.707533756469750188e+03
9.026315789473684958e+00 7.746259778978109352e+03
9.078947368421053099e+00 7.713394032358608456e+03
9.131578947368421240e+00 7.738554508621276000e+03
9.184210526315789380e+00 7.739820659986599821e+03
9.236842105263157521e+00 7.710177221153215214e+03
9.289473684210525661e+00 7.692471923805866027e+03
9.342105263157893802e+00 7.705256308954107226e+03
9.394736842105263719e+00 7.702479463608137848e+03
9.447368421052631859e+00 7.714680563175254974e+03
9.500000000000000000e+00 7.752827623194427360e+03
9.500000000000000000e+00 7.752827623194427360e+03
9.538414768572053504e+00 7.769657778543155473e+03
9.576829537144107007e+00 7.734183508428254754e+03
9.615244305716160511e+00 7.744847457870363542e+03
9.653659074288214015e+00 7.724747460106222206e+03
9.692073842860269295e+00 7.700331750376504715e+03
9.730488611432322799e+00 7.690996350870013885e+03
9.768903380004376302e+00 7.706946862685843371e+03
9.807318148576429806e+00 7.634313453802291406e+03
9.845732917148483310e+00 7.634430854624137282e+03
9.884147685720536813e+00 7.606640285960478650e+03
9.922562454292590317e+00 7.615265072519131536e+03
9.960977222864643821e+00 7.590118310012619077e+03
9.999391991436697325e+00 7.594881179044577948e+03
1.003780676000875260e+01 7.589311709612584309e+03
1.007622152858080611e+01 7.587513410447783826e+03
1.011463629715285961e+01 7.523365334516614894e+03
1.015305106572491312e+01 7.473004839547519623e+03
1.019146583429696662e+01 7.462132679860433200e+03
1.022988060286902012e+01 7.431871930889241412e+03
1.026829537144107363e+01 7.431871930889241412e+03
1.030671014001312713e+01 7.338649496150057530e+03
1.034512490858518063e+01 7.345693785767437475e+03
1.038353967715723414e+01 7.326515170848573689e+03
1.042195444572928942e+01 7.341422820933873481e+03
1.046036921430134292e+01 7.282695636733838001e+03
1.049878398287339643e+01 7.270639475776933068e+03
1.053719875144544993e+01 7.254633569613358304e+03
1.057561352001750343e+01 7.247628387025038137e+03
1.061402828858955694e+01 7.142226600066566789e+03
1.065244305716161044e+01 7.149259600800358385e+03
1.069085782573366394e+01 7.162636716759468072e+03
1.072927259430571922e+01 7.138017551353099407e+03
1.076768736287777273e+01 7.085755111231954288e+03
1.080610213144982623e+01 7.072740276202460336e+03
1.084451690002187974e+01 7.011515440895434949e+03
1.088293166859393324e+01 6.956253599364358706e+03
1.092134643716598674e+01 6.936240388816358973e+03
1.095976120573804025e+01 6.906436859209128670e+03
1.099817597431009375e+01 6.905949716677845572e+03
1.103659074288214725e+01 6.842698250357259894e+03
1.107500551145420076e+01 6.820828597617799460e+03
1.111342028002625604e+01 6.766906934575218656e+03
1.115183504859830954e+01 6.762155146399944897e+03
1.119024981717036304e+01 6.717685990383417447e+03
1.122866458574241655e+01 6.717049091276914623e+03
1.126707935431447005e+01 6.648967223937614108e+03
1.130549412288652356e+01 6.634096312469364420e+03
1.134390889145857706e+01 6.598568236230686125e+03
1.138232366003063056e+01 6.597987639636147833e+03
1.142073842860268584e+01 6.564768801951277055e+03
1.145915319717473935e+01 6.560310307093624942e+03
1.149756796574679285e+01 6.548301550570839936e+03
1.153598273431884635e+01 6.522935874733230776e+03
1.157439750289089986e+01 6.493679083300396996e+03
1.161281227146295336e+01 6.446583973676098140e+03
1.165122704003500687e+01 6.429711398795483547e+03
1.168964180860706037e+01 6.369487121351846326e+03
1.172805657717911387e+01 6.365819311238965383e+03
1.176647134575116738e+01 6.295969950567763590e+03
1.180488611432322088e+01 6.241182874251893736e+03
1.184330088289527616e+01 6.241182874251893736e+03
1.188171565146732966e+01 6.241095278292945295e+03
1.192013042003938317e+01 6.201825067271162879e+03
1.195854518861143667e+01 6.217006720609440890e+03
1.199695995718349018e+01 6.167692541024002821e+03
1.203537472575554368e+01 6.170475981257538479e+03
1.207378949432759718e+01 6.150135083987485814e+03
1.211220426289965246e+01 6.172797540693080009e+03
1.215061903147170597e+01 6.163150461696181083e+03
1.218903380004375947e+01 6.143857211100406857e+03
1.222744856861581297e+01 6.119912992840373590e+03
1.226586333718786648e+01 6.110099120664927796e+03
1.230427810575991998e+01 6.088540358895853387e+03
1.234269287433197348e+01 6.055184117309457179e+03
1.238110764290402699e+01 6.036888679334889275e+03
1.241952241147608049e+01 6.006909324387925153e+03
1.245793718004813400e+01 6.005631595782334443e+03
1.249635194862018750e+01 5.974738527895307925e+03
1.253476671719224278e+01 5.966527770716357736e+03
1.257318148576429628e+01 5.937037005348259299e+03
1.261159625433634979e+01 5.935491681981462534e+03
1.265001102290840329e+01 5.911053106734635548e+03
1.268842579148045679e+01 5.918991372438498729e+03
1.272684056005251030e+01 5.881610260258261405e+03
1.276525532862456380e+01 5.893436173940111985e+03
1.280367009719661908e+01 5.867594856445768528e+03
1.284208486576867259e+01 5.870227453280285772e+03
1.288049963434072609e+01 5.844161773167805222e+03
1.291891440291277959e+01 5.842472819700769833e+03
1.295732917148483310e+01 5.834155786259461820e+03
1.299574394005688660e+01 5.829882718763843513e+03
1.303415870862894010e+01 5.823476292697503595e+03
1.307257347720099361e+01 5.797966472024643735e+03
1.311098824577304711e+01 5.778134011829371957e+03
1.314940301434510062e+01 5.741137735202215481e+03
1.318781778291715412e+01 5.719026858532526603e+03
1.322623255148920762e+01 5.683838861387401266e+03
1.326464732006126290e+01 5.661443572772845073e+03
1.330306208863331641e+01 5.639052157213756800e+03
1.334147685720536991e+01 5.639052157213756800e+03
1.337989162577742341e+01 5.573035042736465584e+03
1.341830639434947692e+01 5.580556157235528190e+03
1.345672116292153042e+01 5.547988903664366262e+03
1.349513593149358570e+01 5.551197815884419470e+03
1.353355070006563921e+01 5.506965119395288639e+03
1.357196546863769271e+01 5.502229876255058116e+03
1.361038023720974621e+01 5.479909519615501267e+03
1.364879500578179972e+01 5.480241691382388126e+03
1.368720977435385322e+01 5.450892550362200382e+03
1.372562454292590672e+01 5.453088134953191911e+03
1.376403931149796023e+01 5.429601969235869547e+03
1.380245408007001373e+01 5.416442987752989211e+03
1.384086884864206723e+01 5.399082990580262049e+03
1.387928361721412074e+01 5.381257991102174856e+03
1.391769838578617424e+01 5.353921765776301982e+03
1.395611315435822775e+01 5.308004681670123318e+03
1.399452792293028303e+01 5.305230581389114377e+03
1.403294269150233653e+01 5.270519630727021649e+03
1.407135746007439003e+01 5.281649480716343533e+03
1.410977222864644354e+01 5.235612591784421056e+03
1.414818699721849704e+01 5.253503584673554542e+03
1.418660176579055232e+01 5.228338882807594018e+03
1.422501653436260582e+01 5.229225735727557549e+03
1.426343130293465933e+01 5.214688846689854472e+03
1.430184607150671283e+01 5.228520820765219469e+03
1.434026084007876634e+01 5.216722858841143534e+03
1.437867560865081984e+01 5.208181081599015670e+03
1.441709037722287334e+01 5.185755919521065152e+03
1.445550514579492685e+01 5.178267322949979643e+03
1.449391991436698035e+01 5.163125379017649720e+03
1.453233468293903385e+01 5.150937053588064373e+03
1.457074945151108736e+01 5.146506427762828935e+03
1.460916422008314086e+01 5.141004203498670904e+03
1.464757898865519437e+01 5.130361965973590486e+03
1.468599375722724965e+01 5.094098866564720083e+03
1.472440852579930315e+01 5.096792092279123608e+03
1.476282329437135665e+01 5.055800235467739185e+03
1.480123806294341016e+01 5.049626271317967621e+03
1.483965283151546366e+01 5.010807883857350134e+03
1.487806760008751894e+01 4.984743177291025859e+03
1.491648236865957244e+01 4.984743177291025859e+03
1.495489713723162595e+01 4.988627818087490596e+03
1.499331190580367945e+01 4.955948829615223985e+03
1.503172667437573296e+01 4.966328243470701636e+03
1.507014144294778646e+01 4.954838220213709064e+03
1.510855621151983996e+01 4.956739246129489402e+03
1.514697098009189347e+01 4.944300555112766233e+03
1.518538574866394697e+01 4.933742823805783701e+03
1.522380051723600047e+01 4.928335504279270936e+03
1.526221528580805398e+01 4.918368929049122016e+03
1.530063005438010748e+01 4.922576937344734688e+03
1.533904482295216098e+01 4.897584183253731680e+03
1.537745959152421449e+01 4.891130754153886301e+03
1.541587436009626977e+01 4.835926743330226600e+03
1.545428912866832327e+01 4.835735166580532677e+03
1.549270389724037678e+01 4.793966402174413815e+03
1.553111866581243028e+01 4.792735137871071856e+03
1.556953343438448556e+01 4.752797498432038083e+03
1.560794820295653906e+01 4.761945802154781632e+03
1.564636297152859257e+01 4.719971135732591392e+03
1.568477774010064607e+01 4.713588948596285263e+03
1.572319250867269957e+01 4.701181371771618615e+03
1.576160727724475308e+01 4.706115173957943625e+03
1.580002204581680658e+01 4.684733120592160049e+03
1.583843681438886009e+01 4.681936264814357855e+03
1.587685158296091359e+01 4.676797512576215013e+03
1.591526635153296709e+01 4.675204075105178163e+03
1.595368112010502060e+01 4.660039303055442360e+03
1.599209588867707410e+01 4.655706395597446317e+03
1.603051065724912760e+01 4.648356492518684718e+03
1.606892542582118111e+01 4.647047114877434979e+03
1.610734019439323816e+01 4.631437942439466497e+03
1.614575496296529167e+01 4.604494077339537398e+03
1.618416973153734517e+01 4.587105672168577257e+03
1.622258450010939868e+01 4.564547852052992312e+03
1.626099926868145218e+01 4.558195961413804980e+03
1.629941403725350568e+01 4.520955233184664394e+03
1.633782880582555919e+01 4.521922576933073287e+03
1.637624357439761269e+01 4.489049755655772969e+03
1.641465834296966619e+01 4.489049755655772969e+03
1.645307311154171970e+01 4.451054965765775705e+03
1.649148788011377320e+01 4.461186858832118560e+03
1.652990264868582670e+01 4.436810632807240836e+03
1.656831741725788021e+01 4.430856907226570911e+03
1.660673218582993371e+01 4.427135983599220708e+03
1.664514695440198722e+01 4.430997833690540574e+03
1.668356172297404072e+01 4.428735397914085297e+03
1.672197649154609422e+01 4.414203142199041395e+03
1.676039126011814773e+01 4.413516550736804675e+03
1.679880602869020123e+01 4.394346907910438858e+03
1.683722079726225473e+01 4.393487231289398551e+03
1.687563556583430824e+01 4.361866167790434702e+03
1.691405033440636174e+01 4.349888594656261375e+03
1.695246510297841525e+01 4.306974579863960571e+03
1.699087987155047230e+01 4.320259137985978668e+03
1.702929464012252581e+01 4.273503730618876943e+03
1.706770940869457931e+01 4.274615239048501280e+03
1.710612417726663281e+01 4.226288929360976908e+03
1.714453894583868632e+01 4.236931565373704871e+03
1.718295371441073982e+01 4.194887386522997986e+03
1.722136848298279332e+01 4.182238767937754346e+03
1.725978325155484683e+01 4.152507779314007166e+03
1.729819802012690033e+01 4.125915544822150878e+03
1.733661278869895384e+01 4.103552177052950356e+03
1.737502755727100734e+01 4.089992937585086565e+03
1.741344232584306084e+01 4.075192568480967566e+03
1.745185709441511435e+01 4.043452524162700684e+03
1.749027186298717140e+01 4.039291650547569589e+03
1.752868663155922491e+01 4.013337087828863787e+03
1.756710140013127841e+01 3.975511677313510972e+03
1.760551616870333191e+01 3.925858819302935444e+03
1.764393093727538542e+01 3.920442141710219403e+03
1.768234570584743892e+01 3.878649756089167113e+03
1.772076047441949243e+01 3.848434544331564211e+03
1.775917524299154593e+01 3.812999223940270895e+03
1.779759001156359943e+01 3.792516996334308260e+03
1.783600478013565294e+01 3.757071978531194418e+03
1.787441954870770644e+01 3.732292735049546991e+03
1.791283431727975994e+01 3.689866413409989946e+03
1.795124908585181345e+01 3.662087658522815218e+03
1.798966385442386695e+01 3.662087658522815218e+03
1.802807862299592045e+01 3.645248380733578870e+03
1.806649339156797396e+01 3.609317841910781681e+03
1.810490816014002746e+01 3.590476122363335890e+03
1.814332292871208097e+01 3.586021688978334623e+03
1.818173769728413447e+01 3.560727688210331507e+03
1.822015246585618797e+01 3.537113276847526322e+03
1.825856723442824148e+01 3.524609372787456778e+03
1.829698200300029498e+01 3.529208764844818688e+03
1.833539677157234848e+01 3.502196280934154402e+03
1.837381154014440199e+01 3.496359807485573583e+03
1.841222630871645549e+01 3.474310529604651492e+03
1.845064107728850900e+01 3.481334729029645132e+03
1.848905584586056605e+01 3.443709144012377692e+03
1.852747061443261956e+01 3.417674844556101561e+03
1.856588538300467306e+01 3.401530880568922839e+03
1.860430015157672656e+01 3.405325103625817519e+03
1.864271492014878007e+01 3.366043070684642771e+03
1.868112968872083357e+01 3.370348821128306099e+03
1.871954445729288707e+01 3.353526012358757725e+03
1.871954445729288707e+01 3.353526012358757725e+03
1.877217603624025699e+01 3.344393542879921824e+03
1.882480761518762336e+01 3.341705796314288364e+03
1.887743919413499327e+01 3.350750017068749003e+03
1.893007077308235964e+01 3.337337689837003381e+03
1.898270235202972955e+01 3.335090907687406343e+03
1.903533393097709592e+01 3.336620632316675710e+03
1.908796550992446583e+01 3.330071205491270121e+03
1.914059708887183575e+01 3.295913747809148390e+03
1.919322866781920212e+01 3.296250812042256257e+03
1.924586024676657203e+01 3.270491089380536323e+03
1.929849182571393840e+01 3.265194852753151736e+03
1.935112340466130831e+01 3.245478113474704514e+03
1.940375498360867823e+01 3.238096772136317668e+03
1.945638656255604459e+01 3.226437549198418765e+03
1.950901814150341451e+01 3.216471969795401037e+03
1.956164972045078088e+01 3.186897346015016410e+03
1.961428129939815079e+01 3.184619046450174210e+03
1.966691287834551716e+01 3.171064795426244928e+03
1.971954445729288707e+01 3.169711169770593642e+03
1.971954445729288707e+01 3.169711169770593642e+03
1.977510001284844421e+01 3.169051990747922446e+03
1.983065556840399779e+01 3.186729011284229728e+03
1.988621112395955493e+01 3.189348051839767777e+03
1.994176667951510851e+01 3.194542598162251124e+03
1.999732223507066564e+01 3.200955762168081947e+03
2.005287779062621922e+01 3.198722541266809003e+03
2.010843334618177636e+01 3.176593705671280077e+03
2.016398890173732994e+01 3.174934078401105126e+03
2.021954445729288707e+01 3.160302700676523727e+03
2.027510001284844421e+01 3.158795122672257094e+03
2.033065556840399779e+01 3.149496195265662664e+03
2.038621112395955493e+01 3.149826003787953141e+03
2.044176667951510851e+01 3.137521131196600891e+03
2.049732223507066564e+01 3.128985697208499914e+03
2.055287779062621922e+01 3.101755960773663446e+03
2.060843334618177636e+01 3.090512841685382682e+03
2.066398890173732994e+01 3.060057041310705699e+03
2.071954445729288707e+01 3.040890352262838860e+03
2.077510001284844421e+01 3.029004115707965866e+03
2.083065556840399779e+01 3.028980880831174090e+03
2.088621112395955493e+01 3.006041417852530685e+03
2.094176667951510851e+01 3.003774822059805501e+03
2.099732223507066564e+01 2.992841379145170322e+03
2.105287779062621922e+01 2.982532951293449969e+03
2.110843334618177636e+01 2.961230940062069749e+03
2.116398890173732994e+01 2.945039998057618504e+03
2.121954445729288707e+01 2.927882051820978631e+03
2.127510001284844066e+01 2.918617343815197273e+03
2.133065556840399779e+01 2.894279430880617383e+03
2.138621112395955493e+01 2.880947547443282929e+03
2.144176667951510851e+01 2.868140935806769448e+03
2.149732223507066564e+01 2.853722091224785345e+03
2.155287779062621922e+01 2.820425886018263554e+03
2.160843334618177636e+01 2.807840414842741666e+03
2.166398890173732994e+01 2.784523265627528417e+03
2.171954445729288707e+01 2.764663417413513798e+03
2.177510001284844066e+01 2.747367944141950829e+03
2.183065556840399779e+01 2.749703398546990229e+03
2.188621112395955493e+01 2.735981487694699354e+03
2.194176667951510851e+01 2.721135297984315002e+03
2.199732223507066564e+01 2.719761578623862988e+03
2.205287779062621922e+01 2.712287033954010440e+03
2.210843334618177636e+01 2.694286579394844921e+03
2.216398890173732994e+01 2.684374185778463016e+03
2.221954445729288707e+01 2.674354908322823576e+03
2.227510001284844066e+01 2.656872165460891210e+03
2.233065556840399779e+01 2.635862921598569756e+03
2.238621112395955493e+01 2.617402565638336455e+03
2.244176667951510851e+01 2.596049144491499646e+03
2.249732223507066564e+01 2.577964408738061593e+03
2.255287779062621922e+01 2.553561246426785601e+03
2.260843334618177636e+01 2.544518051588911931e+03
2.266398890173732994e+01 2.533923063150102280e+03
2.271954445729288707e+01 2.530155145946228004e+03
2.277510001284844066e+01 2.530307809608083517e+03
2.283065556840399779e+01 2.532849185201093405e+03
2.288621112395955493e+01 2.517681040266441414e+03
2.294176667951510851e+01 2.506774212484489908e+03
2.299732223507066564e+01 2.486249486798012185e+03
2.305287779062621922e+01 2.462042478273053348e+03
2.310843334618177636e+01 2.457565428049843831e+03
2.316398890173732994e+01 2.437541117907454463e+03
2.321954445729288707e+01 2.413010498805090265e+03
2.327510001284844066e+01 2.402528955620688066e+03
2.333065556840399779e+01 2.387931601792709444e+03
2.338621112395955493e+01 2.357166770735580030e+03
2.344176667951510851e+01 2.349580277113301236e+03
2.349732223507066564e+01 2.346580978741979834e+03
2.355287779062621922e+01 2.335677644344194960e+03
2.360843334618177636e+01 2.336324636219379499e+03
2.366398890173732994e+01 2.330150457999793616e+03
2.371954445729288707e+01 2.322141932988231019e+03
2.377510001284844066e+01 2.311796687310644757e+03
2.383065556840399779e+01 2.301414981898340557e+03
2.388621112395955493e+01 2.284904801737638081e+03
2.394176667951510851e+01 2.270637556193008550e+03
2.399732223507066564e+01 2.259315993893243103e+03
2.405287779062621922e+01 2.249090863579743200e+03
2.410843334618177636e+01 2.233253339807876728e+03
2.416398890173733349e+01 2.225379266352055765e+03
2.421954445729288707e+01 2.221689873828820510e+03
2.427510001284844066e+01 2.210544866970788917e+03
2.433065556840399779e+01 2.200827404878621110e+03
2.438621112395955493e+01 2.196662850063517908e+03
2.444176667951510851e+01 2.181181635939532043e+03
2.449732223507066564e+01 2.163457463762070802e+03
2.455287779062621922e+01 2.157562795702002859e+03
2.460843334618177636e+01 2.146453513564327295e+03
2.466398890173732994e+01 2.136707409607951377e+03
2.471954445729288707e+01 2.133022633995072738e+03
2.477510001284844066e+01 2.125240681278219654e+03
2.483065556840399779e+01 2.115003582227363950e+03
2.488621112395955493e+01 2.103876949693340976e+03
2.494176667951510851e+01 2.094256729302373969e+03
2.499732223507066564e+01 2.078086433461968227e+03
2.505287779062621922e+01 2.062741646981227859e+03
2.510843334618177636e+01 2.048483262377818846e+03
2.516398890173732994e+01 2.039813944361464337e+03
2.521954445729288707e+01 2.025177102390383425e+03
2.527510001284844066e+01 2.017862087242117923e+03
2.533065556840399779e+01 2.010264637871340483e+03
2.538621112395955493e+01 1.993607176226404817e+03
2.544176667951510851e+01 1.971895124163020228e+03
2.549732223507066564e+01 1.951742030499695147e+03
2.555287779062621922e+01 1.929874275555113400e+03
2.560843334618177636e+01 1.918223294744152099e+03
2.566398890173732994e+01 1.905444078049529253e+03
2.571954445729288707e+01 1.895650484535365877e+03
2.577510001284844066e+01 1.881966868237814651e+03
2.583065556840399779e+01 1.868997029074535021e+03
2.588621112395955493e+01 1.842314075924689632e+03
2.594176667951510851e+01 1.826938169019732641e+03
2.599732223507066564e+01 1.802603867939564680e+03
2.605287779062621922e+01 1.790858980360782880e+03
2.610843334618177636e+01 1.768162501492444790e+03
2.616398890173732994e+01 1.756420833067456670e+03
2.621954445729288707e+01 1.728436838514916190e+03
2.627510001284844066e+01 1.715597800077690408e+03
2.633065556840399779e+01 1.690442376626906935e+03
2.638621112395955493e+01 1.673541752191222258e+03
2.644176667951510851e+01 1.652681883879195766e+03
2.649732223507066564e+01 1.640309477963460722e+03
2.655287779062621922e+01 1.620116528545076335e+03
2.660843334618177636e+01 1.605709628866632102e+03
2.666398890173732994e+01 1.590531372563670175e+03
2.671954445729288707e+01 1.573964817853250224e+03
2.677510001284844066e+01 1.557602960776900773e+03
2.683065556840399779e+01 1.550407567808176736e+03
2.688621112395955493e+01 1.538348216411058502e+03
2.694176667951510851e+01 1.529853535146040031e+03
2.699732223507066564e+01 1.518948012595273667e+03
2.705287779062621922e+01 1.512715741410066130e+03
2.710843334618177636e+01 1.504438139588069362e+03
2.716398890173732994e+01 1.498711674908869554e+03
2.721954445729288707e+01 1.488052547584239846e+03
2.721954445729288707e+01 1.488052547584239846e+03
2.727217603624025699e+01 1.488165238710343374e+03
2.732480761518762336e+01 1.485821904239473270e+03
2.737743919413499327e+01 1.484786139822327186e+03
2.743007077308235964e+01 1.488892236895371298e+03
2.748270235202972955e+01 1.492148978219482842e+03
2.753533393097709592e+01 1.495153245805972574e+03
2.758796550992446583e+01 1.495788585937581502e+03
2.764059708887183575e+01 1.503475240839398566e+03
2.769322866781920212e+01 1.501507352650424991e+03
2.774586024676657203e+01 1.500946227047556931e+03
2.779849182571393840e+01 1.492009165077379748e+03
2.785112340466130831e+01 1.494104462575554862e+03
2.790375498360867468e+01 1.483635872425168827e+03
2.795638656255604459e+01 1.484790830998495949e+03
2.800901814150341451e+01 1.486780818179368453e+03
2.806164972045078088e+01 1.497012993511854575e+03
2.811428129939815079e+01 1.498365969275824227e+03
2.816691287834551716e+01 1.509014569460729035e+03
2.821954445729288707e+01 1.509430720053742789e+03
2.827217603624025344e+01 1.505245238455618619e+03
2.832480761518762336e+01 1.500155647038987354e+03
2.837743919413499327e+01 1.492798862867439311e+03
2.843007077308235964e+01 1.480713695254803042e+03
2.848270235202972955e+01 1.470735931019052714e+03
2.853533393097709592e+01 1.457680706487475163e+03
2.858796550992446583e+01 1.448941016130546132e+03
2.864059708887183575e+01 1.434349710707485883e+03
2.869322866781920212e+01 1.425576522855101302e+03
2.874586024676657203e+01 1.414591725239945617e+03
2.879849182571393840e+01 1.409360985261217593e+03
2.885112340466130831e+01 1.395901760111443309e+03
2.890375498360867468e+01 1.390527348465005161e+03
2.895638656255604459e+01 1.379481369735856106e+03
2.900901814150341096e+01 1.376992384637685973e+03
2.906164972045078088e+01 1.366412000476172125e+03
2.911428129939815079e+01 1.367410873100468507e+03
2.916691287834551716e+01 1.354388919328943530e+03
2.921954445729288707e+01 1.349493745894545327e+03
2.927217603624025344e+01 1.336770876801672784e+03
2.932480761518762336e+01 1.336891424229493623e+03
2.937743919413499327e+01 1.327781517702316251e+03
2.943007077308235964e+01 1.332556760589922987e+03
2.948270235202972955e+01 1.329579319214132283e+03
2.953533393097709592e+01 1.328313612259699994e+03
2.958796550992446583e+01 1.316081755334855643e+03
2.964059708887183220e+01 1.309773074709705497e+03
2.969322866781920212e+01 1.294803355171708517e+03
2.974586024676656848e+01 1.282698090122473332e+03
2.979849182571393840e+01 1.269782121061634143e+03
2.985112340466130831e+01 1.266118920712184035e+03
2.990375498360867468e+01 1.253345471105064235e+03
2.995638656255604459e+01 1.250264655623961062e+03
3.000901814150341096e+01 1.238356395389145064e+03
3.006164972045078088e+01 1.233614896030449245e+03
3.011428129939815079e+01 1.222780821630353103e+03
3.016691287834551716e+01 1.221856382568427762e+03
3.021954445729288707e+01 1.213841688159475325e+03
3.027217603624025344e+01 1.215001766253781398e+03
3.032480761518762336e+01 1.209972819056936032e+03
3.037743919413499327e+01 1.212209424776684955e+03
3.043007077308235964e+01 1.201334653808226449e+03
3.048270235202972955e+01 1.196493212805456551e+03
3.053533393097709592e+01 1.185684508883588251e+03
3.058796550992446583e+01 1.176601185818481554e+03
3.064059708887183220e+01 1.154512320860243562e+03
3.069322866781920212e+01 1.145209472866498345e+03
3.074586024676656848e+01 1.127355605592326810e+03
3.079849182571393840e+01 1.116635920790796490e+03
3.085112340466130831e+01 1.104013800992652705e+03
3.090375498360867468e+01 1.099177283636340007e+03
3.095638656255604459e+01 1.087662927349270376e+03
3.100901814150341096e+01 1.082734504200580432e+03
3.106164972045078088e+01 1.071847316275935327e+03
3.111428129939815079e+01 1.062425087787092480e+03
3.116691287834551716e+01 1.050842661730238888e+03
3.121954445729288707e+01 1.043514774001004525e+03
3.127217603624025344e+01 1.029304342113382972e+03
3.132480761518762336e+01 1.021369034130820523e+03
3.137743919413498972e+01 1.011816705658363162e+03
3.143007077308235964e+01 1.004179573662554844e+03
3.148270235202972600e+01 9.922561773948170867e+02
3.153533393097709592e+01 9.875883803396252461e+02
3.158796550992446583e+01 9.776697624432321163e+02
3.164059708887183220e+01 9.702761378222124904e+02
3.169322866781920212e+01 9.609158401508393581e+02
3.174586024676656848e+01 9.554860851761062577e+02
3.179849182571393840e+01 9.473507255768832920e+02
3.185112340466130831e+01 9.396407038835504864e+02
3.190375498360867468e+01 9.308586241935888665e+02
3.195638656255604459e+01 9.240868508690439285e+02
3.200901814150341096e+01 9.102024899129995674e+02
3.206164972045078088e+01 9.025771236836593516e+02
3.211428129939815079e+01 9.054447816332092316e+02
3.216691287834551360e+01 8.976727338009844743e+02
3.221954445729288352e+01 8.882676883736972968e+02
3.227217603624025344e+01 8.882961557752518047e+02
3.232480761518762336e+01 8.831039190759216808e+02
3.237743919413499327e+01 8.715758274235453200e+02
3.243007077308235608e+01 8.684905398015504261e+02
3.248270235202972600e+01 8.701590703971235143e+02
3.253533393097709592e+01 8.670088109951260549e+02
3.258796550992446583e+01 8.674736584793272414e+02
3.264059708887183575e+01 8.643215735108973377e+02
3.269322866781919856e+01 8.665877074796077295e+02
3.274586024676656848e+01 8.639473924967523999e+02
3.279849182571393840e+01 8.645756125393338607e+02
3.285112340466130831e+01 8.621676310924287918e+02
3.290375498360867823e+01 8.616212044341340288e+02
3.295638656255604104e+01 8.600198540903245430e+02
3.300901814150341096e+01 8.662536599112272597e+02
3.306164972045078088e+01 8.672814943719658913e+02
3.311428129939815079e+01 8.691433614940444841e+02
3.316691287834551360e+01 8.697566272123660838e+02
3.321954445729288352e+01 8.738729803392039912e+02
3.327217603624025344e+01 8.715860374797223358e+02
3.332480761518762336e+01 8.737995424679400003e+02
3.337743919413499327e+01 8.760347376792060459e+02
3.343007077308235608e+01 8.812579997595273653e+02
3.348270235202972600e+01 8.790340118088073496e+02
3.353533393097709592e+01 8.832633455341953095e+02
3.358796550992446583e+01 8.812829373845634109e+02
3.364059708887182865e+01 8.840983826339636380e+02
3.369322866781919856e+01 8.805919385283901875e+02
3.374586024676656848e+01 8.820847918634359530e+02
3.379849182571393840e+01 8.783265115893485699e+02
3.385112340466130831e+01 8.796848830690748855e+02
3.390375498360867823e+01 8.751581144400093990e+02
3.395638656255604104e+01 8.767863123952429305e+02
3.400901814150341096e+01 8.758633127037832082e+02
3.406164972045078088e+01 8.763915838192406227e+02
3.411428129939815079e+01 8.729621817026111330e+02
3.416691287834551360e+01 8.737490565065081682e+02
3.421954445729288352e+01 8.709379184105430340e+02
3.427217603624025344e+01 8.685064916390750795e+02
3.432480761518762336e+01 8.619688351789170611e+02
3.437743919413499327e+01 8.615125340283169635e+02
3.443007077308235608e+01 8.569376937392429454e+02
3.448270235202972600e+01 8.572532100690574453e+02
3.453533393097709592e+01 8.568626245642144568e+02
3.458796550992446583e+01 8.633332629121845230e+02
3.464059708887182865e+01 8.650859072053566479e+02
3.469322866781919856e+01 8.724944654809589792e+02
3.474586024676656848e+01 8.746041959494692719e+02
3.479849182571393840e+01 8.757387096972564677e+02
3.485112340466130831e+01 8.718434675309202930e+02
3.490375498360867113e+01 8.717728155613078798e+02
3.495638656255604104e+01 8.637213946018316619e+02
3.500901814150341096e+01 8.594052266373131488e+02
3.506164972045078088e+01 8.541515759228647084e+02
3.511428129939815079e+01 8.573917970329075615e+02
3.516691287834551360e+01 8.484647729496743978e+02
3.521954445729288352e+01 8.449636224523297869e+02
3.527217603624025344e+01 8.392867856431546443e+02
3.532480761518762336e+01 8.383742211179012429e+02
3.537743919413499327e+01 8.263690853350619818e+02
3.543007077308235608e+01 8.256762878400506906e+02
3.548270235202972600e+01 8.212221447321771848e+02
3.553533393097709592e+01 8.192868552387517411e+02
3.558796550992446583e+01 8.083176714671096761e+02
3.564059708887182865e+01 8.057419916392875621e+02
3.569322866781919856e+01 8.013552268692526468e+02
3.574586024676656848e+01 8.006566120965192113e+02
3.579849182571393840e+01 7.935585846717129925e+02
3.585112340466130831e+01 7.941312454526319016e+02
3.590375498360867113e+01 7.886999978171769499e+02
3.595638656255604104e+01 7.843381233565839921e+02
3.600901814150341096e+01 7.774674287984112198e+02
3.606164972045078088e+01 7.742719829042735000e+02
3.611428129939814369e+01 7.707514697123381211e+02
3.616691287834551360e+01 7.676521388978716232e+02
3.621954445729288352e+01 7.629786174310148681e+02
3.627217603624025344e+01 7.566137926215953939e+02
3.632480761518762336e+01 7.470223027689513629e+02
3.637743919413499327e+01 7.416118246635990090e+02
3.643007077308235608e+01 7.312581478185086326e+02
3.648270235202972600e+01 7.254508946286341597e+02
3.653533393097709592e+01 7.198981786355707300e+02
3.658796550992445873e+01 7.190074482588769342e+02
3.664059708887182865e+01 7.105934668243046417e+02
3.669322866781919856e+01 7.066894028065860311e+02
3.674586024676656848e+01 7.008084759208423975e+02
3.679849182571393840e+01 6.979980669393041808e+02
3.685112340466130831e+01 6.945859269522585464e+02
3.690375498360867113e+01 6.933062027206009361e+02
3.695638656255604104e+01 6.926860306476721689e+02
3.700901814150341096e+01 6.910481620977662942e+02
3.706164972045078088e+01 6.906535243864658469e+02
3.711428129939814369e+01 6.901222078184730435e+02
3.716691287834551360e+01 6.902161104550948494e+02
3.721954445729288352e+01 6.919469493737932453e+02
3.727217603624025344e+01 6.944759707629079912e+02
3.732480761518762336e+01 6.921293842158783036e+02
3.737743919413499327e+01 6.908123911668733399e+02
3.743007077308235608e+01 6.908208027083173874e+02
3.748270235202972600e+01 6.880382297692847260e+02
3.753533393097709592e+01 6.861825950473182729e+02
3.758796550992445873e+01 6.821023284217294531e+02
3.764059708887182865e+01 6.824561186913119855e+02
3.769322866781919856e+01 6.788003515048241070e+02
3.774586024676656848e+01 6.805561457975296662e+02
3.779849182571393840e+01 6.793075947899917537e+02
3.785112340466130831e+01 6.814395534250891160e+02
3.790375498360867113e+01 6.760978258774246115e+02
3.795638656255604104e+01 6.738506675207252101e+02
3.800901814150341096e+01 6.687782605923836172e+02
3.806164972045078088e+01 6.665471126553377417e+02
3.811428129939814369e+01 6.284655162399969868e+02
3.816691287834551360e+01 4.967936101467495291e+02
3.821954445729288352e+01 3.644490981539510699e+02
