0.000000000000000000e+00 9.289185895141072251e+03
5.555555555555555247e-02 1.273829198887514394e+04
1.111111111111111049e-01 1.614907584239362950e+04
1.666666666666666574e-01 1.723724662754314704e+04
2.222222222222222099e-01 1.716072816577692356e+04
2.777777777777777901e-01 1.731969020788575654e+04
3.333333333333333148e-01 1.736659437657683520e+04
3.888888888888888395e-01 1.749730010229181426e+04
4.444444444444444198e-01 1.756444373693865055e+04
5.000000000000000000e-01 1.776633143893741726e+04
5.555555555555555802e-01 1.785306638422991819e+04
6.111111111111110494e-01 1.801574888482556707e+04
6.666666666666666297e-01 1.811923388389407046e+04
7.222222222222222099e-01 1.824583538076030163e+04
7.777777777777776791e-01 1.830497141087400450e+04
8.333333333333332593e-01 1.839001166682242911e+04
8.888888888888888395e-01 1.846043828256850247e+04
9.444444444444444198e-01 1.857513392850397577e+04
1.000000000000000000e+00 1.863550541379072092e+04
1.055555555555555580e+00 1.870809425816603471e+04
1.111111111111111160e+00 1.879539754562888265e+04
1.166666666666666519e+00 1.887723984658167683e+04
1.222222222222222099e+00 1.893202194163783497e+04
1.277777777777777679e+00 1.905370835088675449e+04
1.333333333333333259e+00 1.915618169828312966e+04
1.388888888888888840e+00 1.923434625456005597e+04
1.444444444444444420e+00 1.929255518237137221e+04
1.500000000000000000e+00 1.936540551343657353e+04
1.555555555555555358e+00 1.941871120485788197e+04
1.611111111111110938e+00 1.948906089902457461e+04
1.666666666666666519e+00 1.953768231526705495e+04
1.722222222222222099e+00 1.960218472645654037e+04
1.777777777777777679e+00 1.964529017986625331e+04
1.833333333333333259e+00 1.965573771156601288e+04
1.888888888888888840e+00 1.962360273232096006e+04
1.944444444444444420e+00 1.965737940386873015e+04
2.000000000000000000e+00 1.967024739828800739e+04
2.055555555555555358e+00 1.971424927020729956e+04
2.111111111111111160e+00 1.976239215724983296e+04
2.166666666666666519e+00 1.986699734321982760e+04
2.222222222222222321e+00 1.991610732810432091e+04
2.277777777777777679e+00 1.998626898364883164e+04
2.333333333333333037e+00 2.002469160129661759e+04
2.388888888888888840e+00 2.011992263995626126e+04
2.444444444444444198e+00 2.012387210561371830e+04
2.500000000000000000e+00 2.017086282019175269e+04
2.555555555555555358e+00 2.020636452420335991e+04
2.611111111111111160e+00 2.025009946936411870e+04
2.666666666666666519e+00 2.024553561229889237e+04
2.722222222222221877e+00 2.028749635778254014e+04
2.777777777777777679e+00 2.029803955351584955e+04
2.833333333333333037e+00 2.032476574184589481e+04
2.888888888888888840e+00 2.035799053032582015e+04
2.944444444444444198e+00 2.035626106932670882e+04
3.000000000000000000e+00 2.036543606362654464e+04
3.055555555555555358e+00 2.036118290530133163e+04
3.111111111111110716e+00 2.032446613580889243e+04
3.166666666666666519e+00 2.029918007657489579e+04
3.222222222222221877e+00 2.024490040706891159e+04
3.277777777777777679e+00 2.022418628344867466e+04
3.333333333333333037e+00 2.022218391857029565e+04
3.388888888888888840e+00 2.019575296007769794e+04
3.444444444444444198e+00 2.014305991195827301e+04
3.500000000000000000e+00 2.011694209954664984e+04
3.555555555555555358e+00 2.006836762252740300e+04
3.611111111111110716e+00 2.003028326863892653e+04
3.666666666666666519e+00 1.997702360392333867e+04
3.722222222222221877e+00 1.991331591838371969e+04
3.777777777777777679e+00 1.986991657357826261e+04
3.833333333333333037e+00 1.983600428051429481e+04
3.888888888888888840e+00 1.975788192306424753e+04
3.944444444444444198e+00 1.974813337686843442e+04
4.000000000000000000e+00 1.972050937582373444e+04
4.055555555555555358e+00 1.965713897746012663e+04
4.111111111111110716e+00 1.955924139014930552e+04
4.166666666666666075e+00 1.949613809357544233e+04
4.222222222222222321e+00 1.938921509561347193e+04
4.277777777777777679e+00 1.931134186943346504e+04
4.333333333333333037e+00 1.925327570882274085e+04
4.388888888888888395e+00 1.922148239017383821e+04
4.444444444444444642e+00 1.913724456415420354e+04
4.500000000000000000e+00 1.906961834109417032e+04
4.555555555555555358e+00 1.899703078476269002e+04
4.611111111111110716e+00 1.892489601333779865e+04
4.666666666666666075e+00 1.881572322944481130e+04
4.722222222222222321e+00 1.878029029518673269e+04
4.777777777777777679e+00 1.869631882623968704e+04
4.833333333333333037e+00 1.860701790853440252e+04
4.888888888888888395e+00 1.865949424988941246e+04
4.944444444444443754e+00 1.861950334509294407e+04
5.000000000000000000e+00 1.852688292056054343e+04
5.055555555555555358e+00 1.852505197062596199e+04
5.111111111111110716e+00 1.850713280316585224e+04
5.166666666666666075e+00 1.837558731284294845e+04
5.222222222222222321e+00 1.835151998960650599e+04
5.277777777777777679e+00 1.833602814524918358e+04
5.333333333333333037e+00 1.823906306518660858e+04
5.388888888888888395e+00 1.818068855895421439e+04
5.444444444444443754e+00 1.806576942404098736e+04
5.500000000000000000e+00 1.800556693867342619e+04
5.555555555555555358e+00 1.793849402755917981e+04
5.611111111111110716e+00 1.789450866342197332e+04
5.666666666666666075e+00 1.783512121613541967e+04
5.722222222222222321e+00 1.781731515530488832e+04
5.777777777777777679e+00 1.774488204290117574e+04
5.833333333333333037e+00 1.765466138112752014e+04
5.888888888888888395e+00 1.753422642242135043e+04
5.944444444444443754e+00 1.745725552822793179e+04
6.000000000000000000e+00 1.737560334780866469e+04
6.055555555555555358e+00 1.728063981479900031e+04
6.111111111111110716e+00 1.722003331511792567e+04
6.166666666666666075e+00 1.725271733433458212e+04
6.222222222222221433e+00 1.718766715184451459e+04
6.277777777777777679e+00 1.712056620470880807e+04
6.333333333333333037e+00 1.709212350734879510e+04
6.388888888888888395e+00 1.707015584459429738e+04
6.444444444444443754e+00 1.698621641816984629e+04
6.500000000000000000e+00 1.694332951187620347e+04
6.555555555555555358e+00 1.685523746676775772e+04
6.611111111111110716e+00 1.677117101167983856e+04
6.666666666666666075e+00 1.664549306587166211e+04
6.722222222222221433e+00 1.656776098790668038e+04
6.777777777777777679e+00 1.647085547777685497e+04
6.833333333333333037e+00 1.638470577773549667e+04
6.888888888888888395e+00 1.628968674968960477e+04
6.944444444444443754e+00 1.620326554581482196e+04
7.000000000000000000e+00 1.605252754363436907e+04
7.055555555555555358e+00 1.590810096494333447e+04
7.111111111111110716e+00 1.576694058751967714e+04
7.166666666666666075e+00 1.563464558647292506e+04
7.222222222222221433e+00 1.549688897486927453e+04
7.277777777777777679e+00 1.539934456134979337e+04
7.333333333333333037e+00 1.524341349909952260e+04
7.388888888888888395e+00 1.521762171680374922e+04
7.444444444444443754e+00 1.507671399341802498e+04
7.500000000000000000e+00 1.495974577279000005e+04
7.555555555555555358e+00 1.482366379391009650e+04
7.611111111111110716e+00 1.478012010683171138e+04
7.666666666666666075e+00 1.460508946334180291e+04
7.722222222222221433e+00 1.453523382564940584e+04
7.777777777777777679e+00 1.440019589288820498e+04
7.833333333333333037e+00 1.434162890145969322e+04
7.888888888888888395e+00 1.420166168295010357e+04
7.944444444444443754e+00 1.409960609500070314e+04
8.000000000000000000e+00 1.397358537140104818e+04
8.055555555555555358e+00 1.389771706425404045e+04
8.111111111111110716e+00 1.373874411654598589e+04
8.166666666666666075e+00 1.368318626063730699e+04
8.222222222222221433e+00 1.358849682925537309e+04
8.277777777777776791e+00 1.351403277940186308e+04
8.333333333333332149e+00 1.343901620681846907e+04
8.388888888888889284e+00 1.338495682822630079e+04
8.444444444444444642e+00 1.330430075942994517e+04
8.500000000000000000e+00 1.324178911202387462e+04
8.500000000000000000e+00 1.324178911202387462e+04
8.552631578947368141e+00 1.321596747252727437e+04
8.605263157894736281e+00 1.322152679730864111e+04
8.657894736842104422e+00 1.318386006948236536e+04
8.710526315789474339e+00 1.324694444282272889e+04
8.763157894736842479e+00 1.323011834659193482e+04
8.815789473684210620e+00 1.321984277806752652e+04
8.868421052631578760e+00 1.320742178291298296e+04
8.921052631578946901e+00 1.322514344012742731e+04
8.973684210526315042e+00 1.316924009942545308e+04
9.026315789473684958e+00 1.322136723669010098e+04
9.078947368421053099e+00 1.317545794930099146e+04
9.131578947368421240e+00 1.325352417282000170e+04
9.184210526315789380e+00 1.324831380379966504e+04
9.236842105263157521e+00 1.321286799444452299e+04
9.289473684210525661e+00 1.323026032287386806e+04
9.342105263157893802e+00 1.327970487575147672e+04
9.394736842105263719e+00 1.325734070614728807e+04
9.447368421052631859e+00 1.325464743148401249e+04
9.500000000000000000e+00 1.331756751824827734e+04
9.500000000000000000e+00 1.331756751824827734e+04
9.538414768572053504e+00 1.331504658665155875e+04
9.576829537144107007e+00 1.327224378712336693e+04
9.615244305716160511e+00 1.330539051611165269e+04
9.653659074288214015e+00 1.327244156770065274e+04
9.692073842860269295e+00 1.324034081314947616e+04
9.730488611432322799e+00 1.326865510229161009e+04
9.768903380004376302e+00 1.335819862800134251e+04
9.807318148576429806e+00 1.328049735523200070e+04
9.845732917148483310e+00 1.327545066512924313e+04
9.884147685720536813e+00 1.324896196286920531e+04
9.922562454292590317e+00 1.325547879581746747e+04
9.960977222864643821e+00 1.319477055455240770e+04
9.999391991436697325e+00 1.316833201671808456e+04
1.003780676000875260e+01 1.314404588942314149e+04
1.007622152858080611e+01 1.315355463014127417e+04
1.011463629715285961e+01 1.307786073220986327e+04
1.015305106572491312e+01 1.305842903513570491e+04
1.019146583429696662e+01 1.310653713783952662e+04
1.022988060286902012e+01 1.308621066169654296e+04
1.026829537144107363e+01 1.308621066169654296e+04
1.030671014001312713e+01 1.299895966884011068e+04
1.034512490858518063e+01 1.302397800896515218e+04
1.038353967715723414e+01 1.297023763042598694e+04
1.042195444572928942e+01 1.295033218821095397e+04
1.046036921430134292e+01 1.286265165898184387e+04
1.049878398287339643e+01 1.287945386161776150e+04
1.053719875144544993e+01 1.287884235622083906e+04
1.057561352001750343e+01 1.285211927709146221e+04
1.061402828858955694e+01 1.270160202035468319e+04
1.065244305716161044e+01 1.271829071836968069e+04
1.069085782573366394e+01 1.275713959020809307e+04
1.072927259430571922e+01 1.271591488577350356e+04
1.076768736287777273e+01 1.264088426486931894e+04
1.080610213144982623e+01 1.265231951402303093e+04
1.084451690002187974e+01 1.260221824846072195e+04
1.088293166859393324e+01 1.253979131588287601e+04
1.092134643716598674e+01 1.252872986918785682e+04
1.095976120573804025e+01 1.247586245276576119e+04
1.099817597431009375e+01 1.249771797902244907e+04
1.103659074288214725e+01 1.238973446103341121e+04
1.107500551145420076e+01 1.236112795151390128e+04
1.111342028002625604e+01 1.227456652697070058e+04
1.115183504859830954e+01 1.228121157231514007e+04
1.119024981717036304e+01 1.224635787866097780e+04
1.122866458574241655e+01 1.226633103474629388e+04
1.126707935431447005e+01 1.217975692452197472e+04
1.130549412288652356e+01 1.217663318861796506e+04
1.134390889145857706e+01 1.213341515041991624e+04
1.138232366003063056e+01 1.215955560881304336e+04
1.142073842860268584e+01 1.213060086001870150e+04
1.145915319717473935e+01 1.212587656074064034e+04
1.149756796574679285e+01 1.209659346260990060e+04
1.153598273431884635e+01 1.206619740603363971e+04
1.157439750289089986e+01 1.204236576868238990e+04
1.161281227146295336e+01 1.195943421459564343e+04
1.165122704003500687e+01 1.195152068095848699e+04
1.168964180860706037e+01 1.191632842721405905e+04
1.172805657717911387e+01 1.192038910380464222e+04
1.176647134575116738e+01 1.183145594907142913e+04
1.180488611432322088e+01 1.176850648843342606e+04
1.184330088289527616e+01 1.176850648843342606e+04
1.188171565146732966e+01 1.176820664626793950e+04
1.192013042003938317e+01 1.168849315084116461e+04
1.195854518861143667e+01 1.172713406365674564e+04
1.199695995718349018e+01 1.169438283063541894e+04
1.203537472575554368e+01 1.168131030221995934e+04
1.207378949432759718e+01 1.162402983811569356e+04
1.211220426289965246e+01 1.162073454523453620e+04
1.215061903147170597e+01 1.158837720452390022e+04
1.218903380004375947e+01 1.157142710666433595e+04
1.222744856861581297e+01 1.157457937294834483e+04
1.226586333718786648e+01 1.156403182432345420e+04
1.230427810575991998e+01 1.158083767272678597e+04
1.234269287433197348e+01 1.153242119097419527e+04
1.238110764290402699e+01 1.150411946051392079e+04
1.241952241147608049e+01 1.142663167807121135e+04
1.245793718004813400e+01 1.141887622368673328e+04
1.249635194862018750e+01 1.133035828026469426e+04
1.253476671719224278e+01 1.132088496515710358e+04
1.257318148576429628e+01 1.122296148652103693e+04
1.261159625433634979e+01 1.122556839087254775e+04
1.265001102290840329e+01 1.118402305127119507e+04
1.268842579148045679e+01 1.122561361967883931e+04
1.272684056005251030e+01 1.117442804651386359e+04
1.276525532862456380e+01 1.120155372660270586e+04
1.280367009719661908e+01 1.116527900586753458e+04
1.284208486576867259e+01 1.120821365278750636e+04
1.288049963434072609e+01 1.117785405927554530e+04
1.291891440291277959e+01 1.117721155337263735e+04
1.295732917148483310e+01 1.114773870922005881e+04
1.299574394005688660e+01 1.114657411303799381e+04
1.303415870862894010e+01 1.110389247484695079e+04
1.307257347720099361e+01 1.104751122887378369e+04
1.311098824577304711e+01 1.103363949104397398e+04
1.314940301434510062e+01 1.098906953735971729e+04
1.318781778291715412e+01 1.098584956159977082e+04
1.322623255148920762e+01 1.092712184629940930e+04
1.326464732006126290e+01 1.093041336177692210e+04
1.330306208863331641e+01 1.087672399083507480e+04
1.334147685720536991e+01 1.087672399083507480e+04
1.337989162577742341e+01 1.080601348657322887e+04
1.341830639434947692e+01 1.081590951500362098e+04
1.345672116292153042e+01 1.075852727297804449e+04
1.349513593149358570e+01 1.078030330810451414e+04
1.353355070006563921e+01 1.073060106827377604e+04
1.357196546863769271e+01 1.077203510797971103e+04
1.361038023720974621e+01 1.074275533925112904e+04
1.364879500578179972e+01 1.077117995920915928e+04
1.368720977435385322e+01 1.071073403171254540e+04
1.372562454292590672e+01 1.072576177745194946e+04
1.376403931149796023e+01 1.071261126776945093e+04
1.380245408007001373e+01 1.067269133575793421e+04
1.384086884864206723e+01 1.066790713505855274e+04
1.387928361721412074e+01 1.063365873366334927e+04
1.391769838578617424e+01 1.061705382219311468e+04
1.395611315435822775e+01 1.051335344167962648e+04
1.399452792293028303e+01 1.051460419374549929e+04
1.403294269150233653e+01 1.044006245583864438e+04
1.407135746007439003e+01 1.046369092949535661e+04
1.410977222864644354e+01 1.038670551801249712e+04
1.414818699721849704e+01 1.042650601382114291e+04
1.418660176579055232e+01 1.038577944311357533e+04
1.422501653436260582e+01 1.041384879873730279e+04
1.426343130293465933e+01 1.040485989741205776e+04
1.430184607150671283e+01 1.046751081614246505e+04
1.434026084007876634e+01 1.044151227944859420e+04
1.437867560865081984e+01 1.043475203185349346e+04
1.441709037722287334e+01 1.038547606977004034e+04
1.445550514579492685e+01 1.037482413603378882e+04
1.449391991436698035e+01 1.033636285530220266e+04
1.453233468293903385e+01 1.030690402059996813e+04
1.457074945151108736e+01 1.028737255858311255e+04
1.460916422008314086e+01 1.024919415937544181e+04
1.464757898865519437e+01 1.022401076334995741e+04
1.468599375722724965e+01 1.018790836220093115e+04
1.472440852579930315e+01 1.021427518469435927e+04
1.476282329437135665e+01 1.018140986035075366e+04
1.480123806294341016e+01 1.018818016036435074e+04
1.483965283151546366e+01 1.012537525673475830e+04
1.487806760008751894e+01 1.008170831262706997e+04
1.491648236865957244e+01 1.008170831262706997e+04
1.495489713723162595e+01 1.007858536482877935e+04
1.499331190580367945e+01 1.002047431111140213e+04
1.503172667437573296e+01 1.003704069104344308e+04
1.507014144294778646e+01 1.000620663075567791e+04
1.510855621151983996e+01 1.000487808259559097e+04
1.514697098009189347e+01 9.984082719098380039e+03
1.518538574866394697e+01 9.993647941501947571e+03
1.522380051723600047e+01 9.992544047072859030e+03
1.526221528580805398e+01 9.976089658948296346e+03
1.530063005438010748e+01 9.965382413645598717e+03
1.533904482295216098e+01 9.933058454676196561e+03
1.537745959152421449e+01 9.919844864251979743e+03
1.541587436009626977e+01 9.828847682787187296e+03
1.545428912866832327e+01 9.843295315000510527e+03
1.549270389724037678e+01 9.772209611660409792e+03
1.553111866581243028e+01 9.780122788865282928e+03
1.556953343438448556e+01 9.693530525815791407e+03
1.560794820295653906e+01 9.692704951964644351e+03
1.564636297152859257e+01 9.644183676503696915e+03
1.568477774010064607e+01 9.678914981782045288e+03
1.572319250867269957e+01 9.638000001991315003e+03
1.576160727724475308e+01 9.674081104102840982e+03
1.580002204581680658e+01 9.610433394329642397e+03
1.583843681438886009e+01 9.647514126736139588e+03
1.587685158296091359e+01 9.636037870034677326e+03
1.591526635153296709e+01 9.665040884065216233e+03
1.595368112010502060e+01 9.649797022848591951e+03
1.599209588867707410e+01 9.640706847636072780e+03
1.603051065724912760e+01 9.625706873109465960e+03
1.606892542582118111e+01 9.582690868059204149e+03
1.610734019439323816e+01 9.550779770948012811e+03
1.614575496296529167e+01 9.470043336623339201e+03
1.618416973153734517e+01 9.453409639025499928e+03
1.622258450010939868e+01 9.391527816799756692e+03
1.626099926868145218e+01 9.373393804282693964e+03
1.629941403725350568e+01 9.298957466976211435e+03
1.633782880582555919e+01 9.327419546302115123e+03
1.637624357439761269e+01 9.287089457165955537e+03
1.641465834296966619e+01 9.287089457165955537e+03
1.645307311154171970e+01 9.261852071705934577e+03
1.649148788011377320e+01 9.299559261810092721e+03
1.652990264868582670e+01 9.278113637261409167e+03
1.656831741725788021e+01 9.311411996002756496e+03
1.660673218582993371e+01 9.276861319631130755e+03
1.664514695440198722e+01 9.291152459126638860e+03
1.668356172297404072e+01 9.276149044226021942e+03
1.672197649154609422e+01 9.256841095596251762e+03
1.676039126011814773e+01 9.221989886217377716e+03
1.679880602869020123e+01 9.179505625308975141e+03
1.683722079726225473e+01 9.158827401265260050e+03
1.687563556583430824e+01 9.090770593096345692e+03
1.691405033440636174e+01 9.084982074646028195e+03
1.695246510297841525e+01 9.025578135888115867e+03
1.699087987155047230e+01 9.054167768856576004e+03
1.702929464012252581e+01 8.954699501125378447e+03
1.706770940869457931e+01 8.943937527667145332e+03
1.710612417726663281e+01 8.862994558857795710e+03
1.714453894583868632e+01 8.870834202733643906e+03
1.718295371441073982e+01 8.797355613381962030e+03
1.722136848298279332e+01 8.805520144623917076e+03
1.725978325155484683e+01 8.729916084000951741e+03
1.729819802012690033e+01 8.729234806110158388e+03
1.733661278869895384e+01 8.695385016400479799e+03
1.737502755727100734e+01 8.712961185086962359e+03
1.741344232584306084e+01 8.699243353468611531e+03
1.745185709441511435e+01 8.656979802135003411e+03
1.749027186298717140e+01 8.632735098207627743e+03
1.752868663155922491e+01 8.586594230522592625e+03
1.756710140013127841e+01 8.475744893176504775e+03
1.760551616870333191e+01 8.389732921474544128e+03
1.764393093727538542e+01 8.398639655342058177e+03
1.768234570584743892e+01 8.348313133366715192e+03
1.772076047441949243e+01 8.270780791113016676e+03
1.775917524299154593e+01 8.215266919284502364e+03
1.779759001156359943e+01 8.202593396380581908e+03
1.783600478013565294e+01 8.150833654952395591e+03
1.787441954870770644e+01 8.097700895821825725e+03
1.791283431727975994e+01 8.037371378552727037e+03
1.795124908585181345e+01 8.003722166971894694e+03
1.798966385442386695e+01 8.003722166971894694e+03
1.802807862299592045e+01 7.967916821120025816e+03
1.806649339156797396e+01 7.870793677435956852e+03
1.810490816014002746e+01 7.846183170186530333e+03
1.814332292871208097e+01 7.813442332964639718e+03
1.818173769728413447e+01 7.768680274693472711e+03
1.822015246585618797e+01 7.694654836964143215e+03
1.825856723442824148e+01 7.662851084699873354e+03
1.829698200300029498e+01 7.633516985205757010e+03
1.833539677157234848e+01 7.586006474174819232e+03
1.837381154014440199e+01 7.549936505486033639e+03
1.841222630871645549e+01 7.512635399011832305e+03
1.845064107728850900e+01 7.515937288089420690e+03
1.848905584586056605e+01 7.465447596378102389e+03
1.852747061443261956e+01 7.428811445474675565e+03
1.856588538300467306e+01 7.443756367584134750e+03
1.860430015157672656e+01 7.445626785644795746e+03
1.864271492014878007e+01 7.414582728555595168e+03
1.868112968872083357e+01 7.404231885939871063e+03
1.871954445729288707e+01 7.402499426299628794e+03
1.871954445729288707e+01 7.402499426299628794e+03
1.877217603624025699e+01 7.360428331562436142e+03
1.882480761518762336e+01 7.335988291889996617e+03
1.887743919413499327e+01 7.327685613516446210e+03
1.893007077308235964e+01 7.282447051881124025e+03
1.898270235202972955e+01 7.267876974849677936e+03
1.903533393097709592e+01 7.271235064686084115e+03
1.908796550992446583e+01 7.271921368098973289e+03
1.914059708887183575e+01 7.230961363597566560e+03
1.919322866781920212e+01 7.243229197354014104e+03
1.924586024676657203e+01 7.209304196398957174e+03
1.929849182571393840e+01 7.216122952978102148e+03
1.935112340466130831e+01 7.185455726509107990e+03
1.940375498360867823e+01 7.168188747035327651e+03
1.945638656255604459e+01 7.150579579329813896e+03
1.950901814150341451e+01 7.129568640062550912e+03
1.956164972045078088e+01 7.060604280646999541e+03
1.961428129939815079e+01 7.055751930214340973e+03
1.966691287834551716e+01 7.028607407531360877e+03
1.971954445729288707e+01 7.011799686989465954e+03
1.971954445729288707e+01 7.011799686989465954e+03
1.977510001284844421e+01 7.021163235861311477e+03
1.983065556840399779e+01 7.078729273820599701e+03
1.988621112395955493e+01 7.082968541994479892e+03
1.994176667951510851e+01 7.111454086449218266e+03
1.999732223507066564e+01 7.126844246201430906e+03
2.005287779062621922e+01 7.143721186859336740e+03
2.010843334618177636e+01 7.125237048921460882e+03
2.016398890173732994e+01 7.156464836895446751e+03
2.021954445729288707e+01 7.126337361138695087e+03
2.027510001284844421e+01 7.122508671800174852e+03
2.033065556840399779e+01 7.111073881050851014e+03
2.038621112395955493e+01 7.112780282314891338e+03
2.044176667951510851e+01 7.077598895151686520e+03
2.049732223507066564e+01 7.081158900842211551e+03
2.055287779062621922e+01 7.047433420673490218e+03
2.060843334618177636e+01 7.049377666670191502e+03
2.066398890173732994e+01 6.993019495145797919e+03
2.071954445729288707e+01 6.987234147517729070e+03
2.077510001284844421e+01 6.971502678059810933e+03
2.083065556840399779e+01 6.973256456808325311e+03
2.088621112395955493e+01 6.923496508824451666e+03
2.094176667951510851e+01 6.940174290594797640e+03
2.099732223507066564e+01 6.910930051909917893e+03
2.105287779062621922e+01 6.903568068791244514e+03
2.110843334618177636e+01 6.881868977216514395e+03
2.116398890173732994e+01 6.866316555454350237e+03
2.121954445729288707e+01 6.836956838998562489e+03
2.127510001284844066e+01 6.841258662386610922e+03
2.133065556840399779e+01 6.813063019996200637e+03
2.138621112395955493e+01 6.816780695249680321e+03
2.144176667951510851e+01 6.814688986843165367e+03
2.149732223507066564e+01 6.806034799194664629e+03
2.155287779062621922e+01 6.776361165467157662e+03
2.160843334618177636e+01 6.768453323715427359e+03
2.166398890173732994e+01 6.725684750386049927e+03
2.171954445729288707e+01 6.692438166765321512e+03
2.177510001284844066e+01 6.649199145369935650e+03
2.183065556840399779e+01 6.616470009865665816e+03
2.188621112395955493e+01 6.562866925327862191e+03
2.194176667951510851e+01 6.527062235430790679e+03
2.199732223507066564e+01 6.508776248821488480e+03
2.205287779062621922e+01 6.511739766482795858e+03
2.210843334618177636e+01 6.481723933975772525e+03
2.216398890173732994e+01 6.479135448985192852e+03
2.221954445729288707e+01 6.477637047690572217e+03
2.227510001284844066e+01 6.460867051290226300e+03
2.233065556840399779e+01 6.413440095382419713e+03
2.238621112395955493e+01 6.398486764052143371e+03
2.244176667951510851e+01 6.365016520737965948e+03
2.249732223507066564e+01 6.332049775441330894e+03
2.255287779062621922e+01 6.296959834192333801e+03
2.260843334618177636e+01 6.291147445209478974e+03
2.266398890173732994e+01 6.267220303383920509e+03
2.271954445729288707e+01 6.251641659272436300e+03
2.277510001284844066e+01 6.223233603857717753e+03
2.283065556840399779e+01 6.204604731961292600e+03
2.288621112395955493e+01 6.162272826972688563e+03
2.294176667951510851e+01 6.145148905500538604e+03
2.299732223507066564e+01 6.114576520918179085e+03
2.305287779062621922e+01 6.089331039611746746e+03
2.310843334618177636e+01 6.124564386837459097e+03
2.316398890173732994e+01 6.117633693657360709e+03
2.321954445729288707e+01 6.093937811468659675e+03
2.327510001284844066e+01 6.087406064629180946e+03
2.333065556840399779e+01 6.072783013739640410e+03
2.338621112395955493e+01 5.995134791970192055e+03
2.344176667951510851e+01 5.978198865801115062e+03
2.349732223507066564e+01 5.959324644863891081e+03
2.355287779062621922e+01 5.930836445338515659e+03
2.360843334618177636e+01 5.912967382947440456e+03
2.366398890173732994e+01 5.879847195804425610e+03
2.371954445729288707e+01 5.855450442881884555e+03
2.377510001284844066e+01 5.829081405254207311e+03
2.383065556840399779e+01 5.818901065800616379e+03
2.388621112395955493e+01 5.815123659501846305e+03
2.394176667951510851e+01 5.812413741721620681e+03
2.399732223507066564e+01 5.790921865625893588e+03
2.405287779062621922e+01 5.780530970335201346e+03
2.410843334618177636e+01 5.750364958486297837e+03
2.416398890173733349e+01 5.715680376100822286e+03
2.421954445729288707e+01 5.695802887523750542e+03
2.427510001284844066e+01 5.675493525749645414e+03
2.433065556840399779e+01 5.654900203970016264e+03
2.438621112395955493e+01 5.653371937475348204e+03
2.444176667951510851e+01 5.648732541796440273e+03
2.449732223507066564e+01 5.634986660720783220e+03
2.455287779062621922e+01 5.628632239083938657e+03
2.460843334618177636e+01 5.608438120019643975e+03
2.466398890173732994e+01 5.585055507909036351e+03
2.471954445729288707e+01 5.569416382362542208e+03
2.477510001284844066e+01 5.536575075205755638e+03
2.483065556840399779e+01 5.511951469729329801e+03
2.488621112395955493e+01 5.488133692146727299e+03
2.494176667951510851e+01 5.460532906227448620e+03
2.499732223507066564e+01 5.414313425002351323e+03
2.505287779062621922e+01 5.394680405351690752e+03
2.510843334618177636e+01 5.373387304967689488e+03
2.516398890173732994e+01 5.352229410404538612e+03
2.521954445729288707e+01 5.324015637290736777e+03
2.527510001284844066e+01 5.304620886931827954e+03
2.533065556840399779e+01 5.274938314696628368e+03
2.538621112395955493e+01 5.236729090491263378e+03
2.544176667951510851e+01 5.196630598720430498e+03
2.549732223507066564e+01 5.161154100966791702e+03
2.555287779062621922e+01 5.125837346654126122e+03
2.560843334618177636e+01 5.109639548048246979e+03
2.566398890173732994e+01 5.060643957295244945e+03
2.571954445729288707e+01 5.028736659266504830e+03
2.577510001284844066e+01 4.997654248097074742e+03
2.583065556840399779e+01 4.971342317694806297e+03
2.588621112395955493e+01 4.918706515626237888e+03
2.594176667951510851e+01 4.892962778637392148e+03
2.599732223507066564e+01 4.843273645449097785e+03
2.605287779062621922e+01 4.816212335835836711e+03
2.610843334618177636e+01 4.758383022417420761e+03
2.616398890173732994e+01 4.722223905876891877e+03
2.621954445729288707e+01 4.680665340558356547e+03
2.627510001284844066e+01 4.654832889091871948e+03
2.633065556840399779e+01 4.582333618021414622e+03
2.638621112395955493e+01 4.548074646742339610e+03
2.644176667951510851e+01 4.513464530882923100e+03
2.649732223507066564e+01 4.475298121146974154e+03
2.655287779062621922e+01 4.435440315340331836e+03
2.660843334618177636e+01 4.415596542060777210e+03
2.666398890173732994e+01 4.379179238061648903e+03
2.671954445729288707e+01 4.338351647605476501e+03
2.677510001284844066e+01 4.301574685697737550e+03
2.683065556840399779e+01 4.292976194171651514e+03
2.688621112395955493e+01 4.272393175622216404e+03
2.694176667951510851e+01 4.252115273710342990e+03
2.699732223507066564e+01 4.224431978132814947e+03
2.705287779062621922e+01 4.219521255047239720e+03
2.710843334618177636e+01 4.195471331127017947e+03
2.716398890173732994e+01 4.175865002980992358e+03
2.721954445729288707e+01 4.157798755825498120e+03
2.721954445729288707e+01 4.157798755825498120e+03
2.727217603624025699e+01 4.173993120073649152e+03
2.732480761518762336e+01 4.191911034161794305e+03
2.737743919413499327e+01 4.201948170235199541e+03
2.743007077308235964e+01 4.202673440514187860e+03
2.748270235202972955e+01 4.205269705870462531e+03
2.753533393097709592e+01 4.201218150051949124e+03
2.758796550992446583e+01 4.189514694013078042e+03
2.764059708887183575e+01 4.193118326787663136e+03
2.769322866781920212e+01 4.199969015807626420e+03
2.774586024676657203e+01 4.218194916143490445e+03
2.779849182571393840e+01 4.204470391502596613e+03
2.785112340466130831e+01 4.220595622589045888e+03
2.790375498360867468e+01 4.212391460627419292e+03
2.795638656255604459e+01 4.226243869649251792e+03
2.800901814150341451e+01 4.230378606755582950e+03
2.806164972045078088e+01 4.257961424823331072e+03
2.811428129939815079e+01 4.252941495538250820e+03
2.816691287834551716e+01 4.280219676666475607e+03
2.821954445729288707e+01 4.273406562721851515e+03
2.827217603624025344e+01 4.262415681968081117e+03
2.832480761518762336e+01 4.261194956410208761e+03
2.837743919413499327e+01 4.265448372834664042e+03
2.843007077308235964e+01 4.237409650237355891e+03
2.848270235202972955e+01 4.233152491285769429e+03
2.853533393097709592e+01 4.224203811085424604e+03
2.858796550992446583e+01 4.223685984980912508e+03
2.864059708887183575e+01 4.216138198949899561e+03
2.869322866781920212e+01 4.232839662473242242e+03
2.874586024676657203e+01 4.224431882458267864e+03
2.879849182571393840e+01 4.217718267386114348e+03
2.885112340466130831e+01 4.194906481660970712e+03
2.890375498360867468e+01 4.194526338360648879e+03
2.895638656255604459e+01 4.174869200228718910e+03
2.900901814150341096e+01 4.178866091595822581e+03
2.906164972045078088e+01 4.165861125292239194e+03
2.911428129939815079e+01 4.179957524775748425e+03
2.916691287834551716e+01 4.149735601575796863e+03
2.921954445729288707e+01 4.145116691330612412e+03
2.927217603624025344e+01 4.118285329566043401e+03
2.932480761518762336e+01 4.125395273718900171e+03
2.937743919413499327e+01 4.085808984422150388e+03
2.943007077308235964e+01 4.083225888727602523e+03
2.948270235202972955e+01 4.061198421907379725e+03
2.953533393097709592e+01 4.060494445905940665e+03
2.958796550992446583e+01 4.031674680442251884e+03
2.964059708887183220e+01 4.027112122761333922e+03
2.969322866781920212e+01 4.004262165143516086e+03
2.974586024676656848e+01 3.989353744553470278e+03
2.979849182571393840e+01 3.959401763133715576e+03
2.985112340466130831e+01 3.956676942075539955e+03
2.990375498360867468e+01 3.938277551533837595e+03
2.995638656255604459e+01 3.945835092084618282e+03
3.000901814150341096e+01 3.936616349491631354e+03
3.006164972045078088e+01 3.932615322345372988e+03
3.011428129939815079e+01 3.907102067142126998e+03
3.016691287834551716e+01 3.901229652024200277e+03
3.021954445729288707e+01 3.866824830988199210e+03
3.027217603624025344e+01 3.854681207294331216e+03
3.032480761518762336e+01 3.831173483079443940e+03
3.037743919413499327e+01 3.827721042837513778e+03
3.043007077308235964e+01 3.802625433932204942e+03
3.048270235202972955e+01 3.798996659681088204e+03
3.053533393097709592e+01 3.770464723138035879e+03
3.058796550992446583e+01 3.768215554661164788e+03
3.064059708887183220e+01 3.730352174384344835e+03
3.069322866781920212e+01 3.725709782415961854e+03
3.074586024676656848e+01 3.690465347781021592e+03
3.079849182571393840e+01 3.684255744848685481e+03
3.085112340466130831e+01 3.646787552651758688e+03
3.090375498360867468e+01 3.638708067639346154e+03
3.095638656255604459e+01 3.604702133512279943e+03
3.100901814150341096e+01 3.598461124030487554e+03
3.106164972045078088e+01 3.568474289406073694e+03
3.111428129939815079e+01 3.552409324462670156e+03
3.116691287834551716e+01 3.518295137909792629e+03
3.121954445729288707e+01 3.495797286116855048e+03
3.127217603624025344e+01 3.451106604243536822e+03
3.132480761518762336e+01 3.426181042383554541e+03
3.137743919413498972e+01 3.395627557523142514e+03
3.143007077308235964e+01 3.374361025611871355e+03
3.148270235202972600e+01 3.338633445926084278e+03
3.153533393097709592e+01 3.325479034891478022e+03
3.158796550992446583e+01 3.296319736760819069e+03
3.164059708887183220e+01 3.274219001193486292e+03
3.169322866781920212e+01 3.246265044767377276e+03
3.174586024676656848e+01 3.238114479159857183e+03
3.179849182571393840e+01 3.220631995426968388e+03
3.185112340466130831e+01 3.208816510844512777e+03
3.190375498360867468e+01 3.193804930883936777e+03
3.195638656255604459e+01 3.196611312012387771e+03
3.200901814150341096e+01 3.173217827186983413e+03
3.206164972045078088e+01 3.158606456218311905e+03
3.211428129939815079e+01 3.168732191684338432e+03
3.216691287834551360e+01 3.161947913153153877e+03
3.221954445729288352e+01 3.132361220261346261e+03
3.227217603624025344e+01 3.133796623599859686e+03
3.232480761518762336e+01 3.125003645874471204e+03
3.237743919413499327e+01 3.092717942633436905e+03
3.243007077308235608e+01 3.083011686088839724e+03
3.248270235202972600e+01 3.093770039073630869e+03
3.253533393097709592e+01 3.085612384536125319e+03
3.258796550992446583e+01 3.087303435360298408e+03
3.264059708887183575e+01 3.091337035095170904e+03
3.269322866781919856e+01 3.098958052110060635e+03
3.274586024676656848e+01 3.093658421214548071e+03
3.279849182571393840e+01 3.107879514932682014e+03
3.285112340466130831e+01 3.119219619553156917e+03
3.290375498360867823e+01 3.135498375601522184e+03
3.295638656255604104e+01 3.141136025631571556e+03
3.300901814150341096e+01 3.161042589684733684e+03
3.306164972045078088e+01 3.167219376571370049e+03
3.311428129939815079e+01 3.174796507339909112e+03
3.316691287834551360e+01 3.180070188924778449e+03
3.321954445729288352e+01 3.194628145498495542e+03
3.327217603624025344e+01 3.200883100789304535e+03
3.332480761518762336e+01 3.207287738461479421e+03
3.337743919413499327e+01 3.216980246861739033e+03
3.343007077308235608e+01 3.232580157325473010e+03
3.348270235202972600e+01 3.236405240843341744e+03
3.353533393097709592e+01 3.254945895317383929e+03
3.358796550992446583e+01 3.254806225251269097e+03
3.364059708887182865e+01 3.268462452027364634e+03
3.369322866781919856e+01 3.261631257387970891e+03
3.374586024676656848e+01 3.278784321361512411e+03
3.379849182571393840e+01 3.270735954813904755e+03
3.385112340466130831e+01 3.293346691125070265e+03
3.390375498360867823e+01 3.281216591181540025e+03
3.395638656255604104e+01 3.285972611385987875e+03
3.400901814150341096e+01 3.272312372305260396e+03
3.406164972045078088e+01 3.277607947141116711e+03
3.411428129939815079e+01 3.257170805347086116e+03
3.416691287834551360e+01 3.260751398514108587e+03
3.421954445729288352e+01 3.251700508064055612e+03
3.427217603624025344e+01 3.253435551405711067e+03
3.432480761518762336e+01 3.239763614581432194e+03
3.437743919413499327e+01 3.245955813454792860e+03
3.443007077308235608e+01 3.235837560316983399e+03
3.448270235202972600e+01 3.236474427622314579e+03
3.453533393097709592e+01 3.232747130124465002e+03
3.458796550992446583e+01 3.233724450537358280e+03
3.464059708887182865e+01 3.218322913374379823e+03
3.469322866781919856e+01 3.220059538252736274e+03
3.474586024676656848e+01 3.202976917904148650e+03
3.479849182571393840e+01 3.190201368118622668e+03
3.485112340466130831e+01 3.173550614832245174e+03
3.490375498360867113e+01 3.173876482862779540e+03
3.495638656255604104e+01 3.152032961181740575e+03
3.500901814150341096e+01 3.150370324329308460e+03
3.506164972045078088e+01 3.138156015800385831e+03
3.511428129939815079e+01 3.147479343050978059e+03
3.516691287834551360e+01 3.127480018828291577e+03
3.521954445729288352e+01 3.133048930872116216e+03
3.527217603624025344e+01 3.125158789818407513e+03
3.532480761518762336e+01 3.127708654670366741e+03
3.537743919413499327e+01 3.111637940381124736e+03
3.543007077308235608e+01 3.119322962743019161e+03
3.548270235202972600e+01 3.104736150966398327e+03
3.553533393097709592e+01 3.103094686168651606e+03
3.558796550992446583e+01 3.080703497454324861e+03
3.564059708887182865e+01 3.072512459372035664e+03
3.569322866781919856e+01 3.048506168877585424e+03
3.574586024676656848e+01 3.040012338149007974e+03
3.579849182571393840e+01 3.020209435864624993e+03
3.585112340466130831e+01 3.016370081805889185e+03
3.590375498360867113e+01 2.995906350895662854e+03
3.595638656255604104e+01 2.976597457212365498e+03
3.600901814150341096e+01 2.950877256883378777e+03
3.606164972045078088e+01 2.937599159157630766e+03
3.611428129939814369e+01 2.918448978267874281e+03
3.616691287834551360e+01 2.903595622829750027e+03
3.621954445729288352e+01 2.894535520054311291e+03
3.627217603624025344e+01 2.879433314588066423e+03
3.632480761518762336e+01 2.851210832037127602e+03
3.637743919413499327e+01 2.836326905765060928e+03
3.643007077308235608e+01 2.805570907586161866e+03
3.648270235202972600e+01 2.792723544619390850e+03
3.653533393097709592e+01 2.773124035784099306e+03
3.658796550992445873e+01 2.768364100948808300e+03
3.664059708887182865e+01 2.743627267945159019e+03
3.669322866781919856e+01 2.741498344338944662e+03
3.674586024676656848e+01 2.728707717503664753e+03
3.679849182571393840e+01 2.722447566645782445e+03
3.685112340466130831e+01 2.706024206701456023e+03
3.690375498360867113e+01 2.706130107572994348e+03
3.695638656255604104e+01 2.691279649688066456e+03
3.700901814150341096e+01 2.677866126255176823e+03
3.706164972045078088e+01 2.669224987545609110e+03
3.711428129939814369e+01 2.667458995420945485e+03
3.716691287834551360e+01 2.659534789310765518e+03
3.721954445729288352e+01 2.661658284813572209e+03
3.727217603624025344e+01 2.658582689770470552e+03
3.732480761518762336e+01 2.652930388079740169e+03
3.737743919413499327e+01 2.637331202940637922e+03
3.743007077308235608e+01 2.626901982824219431e+03
3.748270235202972600e+01 2.611271734013970217e+03
3.753533393097709592e+01 2.609527235844246206e+03
3.758796550992445873e+01 2.596371574981200865e+03
3.764059708887182865e+01 2.601225365666516609e+03
3.769322866781919856e+01 2.587198169821025658e+03
3.774586024676656848e+01 2.586650183337971157e+03
3.779849182571393840e+01 2.568259124297658218e+03
3.785112340466130831e+01 2.563428693690515502e+03
3.790375498360867113e+01 2.540079902887090611e+03
3.795638656255604104e+01 2.529225968974044918e+03
3.800901814150341096e+01 2.506940742944551857e+03
3.806164972045078088e+01 2.504823427163345059e+03
3.811428129939814369e+01 2.354542536483275398e+03
3.816691287834551360e+01 1.855746477652279964e+03
3.821954445729288352e+01 1.357669981312158825e+03
