0.000000000000000000e+00 1.181574906527380153e+04
5.555555555555555247e-02 1.615275513870912255e+04
1.111111111111111049e-01 2.048115296274264256e+04
1.666666666666666574e-01 2.181710076087802736e+04
2.222222222222222099e-01 2.172354464218922658e+04
2.777777777777777901e-01 2.194182092628483224e+04
3.333333333333333148e-01 2.206237145935538865e+04
3.888888888888888395e-01 2.225301087269983691e+04
4.444444444444444198e-01 2.237419858882714834e+04
5.000000000000000000e-01 2.266485592934602755e+04
5.555555555555555802e-01 2.276541282922664686e+04
6.111111111111110494e-01 2.298004895546264379e+04
6.666666666666666297e-01 2.308978365504215617e+04
7.222222222222222099e-01 2.322823928176640402e+04
7.777777777777776791e-01 2.324623684569071702e+04
8.333333333333332593e-01 2.334805932991745794e+04
8.888888888888888395e-01 2.344493249675129482e+04
9.444444444444444198e-01 2.357639266202520594e+04
1.000000000000000000e+00 2.363328645004396458e+04
1.055555555555555580e+00 2.375218857015307731e+04
1.111111111111111160e+00 2.381858154285638739e+04
1.166666666666666519e+00 2.388481625709369837e+04
1.222222222222222099e+00 2.393419559900127933e+04
1.277777777777777679e+00 2.402607581478667998e+04
1.333333333333333259e+00 2.410221736498001701e+04
1.388888888888888840e+00 2.418631013277569218e+04
1.444444444444444420e+00 2.422611212439660085e+04
1.500000000000000000e+00 2.431361784655525480e+04
1.555555555555555358e+00 2.440816163721165503e+04
1.611111111111110938e+00 2.448798151024031904e+04
1.666666666666666519e+00 2.455150764264266036e+04
1.722222222222222099e+00 2.463328752006790819e+04
1.777777777777777679e+00 2.467066865978132046e+04
1.833333333333333259e+00 2.472765889983652232e+04
1.888888888888888840e+00 2.474724714813136961e+04
1.944444444444444420e+00 2.484132365118749658e+04
2.000000000000000000e+00 2.486297434663349122e+04
2.055555555555555358e+00 2.494867005188761686e+04
2.111111111111111160e+00 2.498330036326828849e+04
2.166666666666666519e+00 2.508090000124305152e+04
2.222222222222222321e+00 2.508598259228507959e+04
2.277777777777777679e+00 2.514558618248608400e+04
2.333333333333333037e+00 2.513459794858474197e+04
2.388888888888888840e+00 2.519764685281806305e+04
2.444444444444444198e+00 2.515503008847360252e+04
2.500000000000000000e+00 2.521484748590875097e+04
2.555555555555555358e+00 2.525083550747466506e+04
2.611111111111111160e+00 2.531447473096389876e+04
2.666666666666666519e+00 2.532558923731162213e+04
2.722222222222221877e+00 2.540474225554539589e+04
2.777777777777777679e+00 2.542883915661534411e+04
2.833333333333333037e+00 2.545548406807179344e+04
2.888888888888888840e+00 2.548811634870862326e+04
2.944444444444444198e+00 2.546793025181343546e+04
3.000000000000000000e+00 2.548809021421168654e+04
3.055555555555555358e+00 2.548223205769549168e+04
3.111111111111110716e+00 2.544431397247489076e+04
3.166666666666666519e+00 2.540440443186618359e+04
3.222222222222221877e+00 2.538082858848052638e+04
3.277777777777777679e+00 2.534973791143090057e+04
3.333333333333333037e+00 2.531657841665644082e+04
3.388888888888888840e+00 2.529817855952251193e+04
3.444444444444444198e+00 2.527068554072405823e+04
3.500000000000000000e+00 2.524136211446698144e+04
3.555555555555555358e+00 2.519970086725398869e+04
3.611111111111110716e+00 2.521414706181642759e+04
3.666666666666666519e+00 2.516979248197934430e+04
3.722222222222221877e+00 2.510670936783759680e+04
3.777777777777777679e+00 2.506721704074550507e+04
3.833333333333333037e+00 2.500341734686920972e+04
3.888888888888888840e+00 2.487522759531658448e+04
3.944444444444444198e+00 2.483466549971120912e+04
4.000000000000000000e+00 2.479297212488571677e+04
4.055555555555555358e+00 2.471581144023998058e+04
4.111111111111110716e+00 2.461913623131137138e+04
4.166666666666666075e+00 2.458968229621087085e+04
4.222222222222222321e+00 2.453117134997707399e+04
4.277777777777777679e+00 2.448506914677340683e+04
4.333333333333333037e+00 2.442781257661399650e+04
4.388888888888888395e+00 2.440699732191974908e+04
4.444444444444444642e+00 2.431443629472881003e+04
4.500000000000000000e+00 2.424775911670540881e+04
4.555555555555555358e+00 2.416947774609506087e+04
4.611111111111110716e+00 2.409875932549059507e+04
4.666666666666666075e+00 2.399404504278380045e+04
4.722222222222222321e+00 2.395308147910139814e+04
4.777777777777777679e+00 2.382028010502788675e+04
4.833333333333333037e+00 2.371565356881486514e+04
4.888888888888888395e+00 2.381625012380155385e+04
4.944444444444443754e+00 2.374640659193587271e+04
5.000000000000000000e+00 2.363487782976461313e+04
5.055555555555555358e+00 2.363641136957201525e+04
5.111111111111110716e+00 2.357708391265751197e+04
5.166666666666666075e+00 2.337486519281194705e+04
5.222222222222222321e+00 2.337278938924781687e+04
5.277777777777777679e+00 2.336167352353434762e+04
5.333333333333333037e+00 2.327714513542642453e+04
5.388888888888888395e+00 2.328312741662552799e+04
5.444444444444443754e+00 2.321800656036045621e+04
5.500000000000000000e+00 2.317667612725897925e+04
5.555555555555555358e+00 2.312609368146327688e+04
5.611111111111110716e+00 2.307175782392508336e+04
5.666666666666666075e+00 2.299338878194679637e+04
5.722222222222222321e+00 2.294132871807686024e+04
5.777777777777777679e+00 2.287401787574597256e+04
5.833333333333333037e+00 2.282139333408773018e+04
5.888888888888888395e+00 2.277263805062733445e+04
5.944444444444443754e+00 2.275836401684766315e+04
6.000000000000000000e+00 2.270928043178569715e+04
6.055555555555555358e+00 2.259714240284135303e+04
6.111111111111110716e+00 2.251727735392067189e+04
6.166666666666666075e+00 2.248954459039576614e+04
6.222222222222221433e+00 2.235096363636619935e+04
6.277777777777777679e+00 2.228160854305623798e+04
6.333333333333333037e+00 2.225940965500723541e+04
6.388888888888888395e+00 2.219527478810859247e+04
6.444444444444443754e+00 2.207825105647354576e+04
6.500000000000000000e+00 2.202492802735289661e+04
6.555555555555555358e+00 2.190802348358462041e+04
6.611111111111110716e+00 2.184083000336566329e+04
6.666666666666666075e+00 2.174451235752128559e+04
6.722222222222221433e+00 2.171127959911958533e+04
6.777777777777777679e+00 2.161922535649874044e+04
6.833333333333333037e+00 2.152773387203769016e+04
6.888888888888888395e+00 2.141107409543787071e+04
6.944444444444443754e+00 2.132584164725730079e+04
7.000000000000000000e+00 2.115235439935101385e+04
7.055555555555555358e+00 2.098220119513808095e+04
7.111111111111110716e+00 2.081001378342261160e+04
7.166666666666666075e+00 2.066089308597679337e+04
7.222222222222221433e+00 2.046972598943387129e+04
7.277777777777777679e+00 2.033348561882543072e+04
7.333333333333333037e+00 2.016048961256627445e+04
7.388888888888888395e+00 2.013023679062381052e+04
7.444444444444443754e+00 1.993756264380020002e+04
7.500000000000000000e+00 1.984739554187211615e+04
7.555555555555555358e+00 1.971853906986665243e+04
7.611111111111110716e+00 1.969718269236191554e+04
7.666666666666666075e+00 1.951679264705742753e+04
7.722222222222221433e+00 1.944031870362794871e+04
7.777777777777777679e+00 1.922519842217169571e+04
7.833333333333333037e+00 1.911734215009496620e+04
7.888888888888888395e+00 1.891147809253665764e+04
7.944444444444443754e+00 1.877872343280107452e+04
8.000000000000000000e+00 1.859661600212008852e+04
8.055555555555555358e+00 1.851146203530988350e+04
8.111111111111110716e+00 1.831919221735285100e+04
8.166666666666666075e+00 1.828580454106500838e+04
8.222222222222221433e+00 1.817876824234854939e+04
8.277777777777776791e+00 1.808453246617851983e+04
8.333333333333332149e+00 1.798950168298006975e+04
8.388888888888889284e+00 1.792553548284150384e+04
8.444444444444444642e+00 1.777152576555955966e+04
8.500000000000000000e+00 1.770223587312693780e+04
8.500000000000000000e+00 1.770223587312693780e+04
8.552631578947368141e+00 1.766494247319159695e+04
8.605263157894736281e+00 1.766860893507271248e+04
8.657894736842104422e+00 1.763054413640582789e+04
8.710526315789474339e+00 1.774098840017047041e+04
8.763157894736842479e+00 1.772468408406202070e+04
8.815789473684210620e+00 1.770419668988668855e+04
8.868421052631578760e+00 1.767391788280941910e+04
8.921052631578946901e+00 1.769163971745230083e+04
8.973684210526315042e+00 1.763944065641640191e+04
9.026315789473684958e+00 1.772232114524602730e+04
9.078947368421053099e+00 1.769386693552959332e+04
9.131578947368421240e+00 1.779570482940331931e+04
9.184210526315789380e+00 1.777851717137814558e+04
9.236842105263157521e+00 1.773399222122931678e+04
9.289473684210525661e+00 1.772362458780197630e+04
9.342105263157893802e+00 1.777476390554959289e+04
9.394736842105263719e+00 1.775225176848816773e+04
9.447368421052631859e+00 1.777054082854669105e+04
9.500000000000000000e+00 1.786668219149533979e+04
9.500000000000000000e+00 1.786668219149533979e+04
9.538414768572053504e+00 1.788955335279907740e+04
9.576829537144107007e+00 1.785210736510398419e+04
9.615244305716160511e+00 1.793237766528835346e+04
9.653659074288214015e+00 1.790068581300859296e+04
9.692073842860269295e+00 1.788002337630914190e+04
9.730488611432322799e+00 1.791509183332831162e+04
9.768903380004376302e+00 1.801422909340272963e+04
9.807318148576429806e+00 1.791021325200899082e+04
9.845732917148483310e+00 1.792979067684455003e+04
9.884147685720536813e+00 1.790874307739994038e+04
9.922562454292590317e+00 1.794133918772082689e+04
9.960977222864643821e+00 1.784366855936528009e+04
9.999391991436697325e+00 1.783112719589070548e+04
1.003780676000875260e+01 1.781188943632443625e+04
1.007622152858080611e+01 1.784648167172345711e+04
1.011463629715285961e+01 1.775372820428864361e+04
1.015305106572491312e+01 1.773797338841638339e+04
1.019146583429696662e+01 1.777640714774086155e+04
1.022988060286902012e+01 1.780974201143889150e+04
1.026829537144107363e+01 1.780974201143889150e+04
1.030671014001312713e+01 1.771381667694079079e+04
1.034512490858518063e+01 1.776106369694590103e+04
1.038353967715723414e+01 1.771119491864043084e+04
1.042195444572928942e+01 1.772264107073241030e+04
1.046036921430134292e+01 1.761833048259512725e+04
1.049878398287339643e+01 1.764230840820745289e+04
1.053719875144544993e+01 1.767128412810367081e+04
1.057561352001750343e+01 1.764822272965490265e+04
1.061402828858955694e+01 1.751247653435319080e+04
1.065244305716161044e+01 1.756890798196037576e+04
1.069085782573366394e+01 1.768517230891244617e+04
1.072927259430571922e+01 1.763905789261145401e+04
1.076768736287777273e+01 1.758036989748326960e+04
1.080610213144982623e+01 1.754709391821462850e+04
1.084451690002187974e+01 1.748127455625004586e+04
1.088293166859393324e+01 1.735029673119177096e+04
1.092134643716598674e+01 1.733637783092316386e+04
1.095976120573804025e+01 1.727344370452476142e+04
1.099817597431009375e+01 1.731293595724171610e+04
1.103659074288214725e+01 1.718720135251159445e+04
1.107500551145420076e+01 1.719542187411169652e+04
1.111342028002625604e+01 1.706299551484410767e+04
1.115183504859830954e+01 1.710163344795807643e+04
1.119024981717036304e+01 1.702834505599802651e+04
1.122866458574241655e+01 1.705756903194995539e+04
1.126707935431447005e+01 1.694476076583692338e+04
1.130549412288652356e+01 1.696807655440058443e+04
1.134390889145857706e+01 1.694370283187399764e+04
1.138232366003063056e+01 1.700082341187418206e+04
1.142073842860268584e+01 1.697944831315816919e+04
1.145915319717473935e+01 1.697927776759099652e+04
1.149756796574679285e+01 1.698431522424552895e+04
1.153598273431884635e+01 1.696529081674894041e+04
1.157439750289089986e+01 1.696003513840423693e+04
1.161281227146295336e+01 1.683304982936797751e+04
1.165122704003500687e+01 1.683739316086380131e+04
1.168964180860706037e+01 1.674465244907739543e+04
1.172805657717911387e+01 1.673512280483633731e+04
1.176647134575116738e+01 1.660344475190857702e+04
1.180488611432322088e+01 1.652576550856061658e+04
1.184330088289527616e+01 1.652576550856061658e+04
1.188171565146732966e+01 1.651348623046176726e+04
1.192013042003938317e+01 1.640498516318593465e+04
1.195854518861143667e+01 1.646009794828868326e+04
1.199695995718349018e+01 1.640724465270756264e+04
1.203537472575554368e+01 1.642538495457688259e+04
1.207378949432759718e+01 1.636383701771469714e+04
1.211220426289965246e+01 1.641437483345136570e+04
1.215061903147170597e+01 1.641305196451974916e+04
1.218903380004375947e+01 1.641488333952120956e+04
1.222744856861581297e+01 1.642629984115380648e+04
1.226586333718786648e+01 1.639997768514430572e+04
1.230427810575991998e+01 1.637303431878122865e+04
1.234269287433197348e+01 1.628071901018817516e+04
1.238110764290402699e+01 1.624103200013067726e+04
1.241952241147608049e+01 1.614392888254190257e+04
1.245793718004813400e+01 1.613676974030593374e+04
1.249635194862018750e+01 1.603389000029992894e+04
1.253476671719224278e+01 1.601138408996763428e+04
1.257318148576429628e+01 1.590870439973915018e+04
1.261159625433634979e+01 1.591061945065636246e+04
1.265001102290840329e+01 1.584929717396667729e+04
1.268842579148045679e+01 1.588857115375719150e+04
1.272684056005251030e+01 1.581622497341828966e+04
1.276525532862456380e+01 1.586875074813961328e+04
1.280367009719661908e+01 1.581586479831248835e+04
1.284208486576867259e+01 1.589559301010054514e+04
1.288049963434072609e+01 1.588547979966322964e+04
1.291891440291277959e+01 1.591807114375780839e+04
1.295732917148483310e+01 1.591269116546758232e+04
1.299574394005688660e+01 1.593566514356658445e+04
1.303415870862894010e+01 1.588187580026765863e+04
1.307257347720099361e+01 1.583679567101062639e+04
1.311098824577304711e+01 1.578909609112148428e+04
1.314940301434510062e+01 1.573508096956737791e+04
1.318781778291715412e+01 1.569915168890726636e+04
1.322623255148920762e+01 1.559032794873286366e+04
1.326464732006126290e+01 1.560809458054340575e+04
1.330306208863331641e+01 1.554380455907000942e+04
1.334147685720536991e+01 1.554380455907000942e+04
1.337989162577742341e+01 1.548003797034835407e+04
1.341830639434947692e+01 1.552161214542193557e+04
1.345672116292153042e+01 1.547575650906367810e+04
1.349513593149358570e+01 1.549792651509158895e+04
1.353355070006563921e+01 1.542140796009049518e+04
1.357196546863769271e+01 1.547925728399674699e+04
1.361038023720974621e+01 1.545493461387187381e+04
1.364879500578179972e+01 1.549909945447464452e+04
1.368720977435385322e+01 1.546125729517754189e+04
1.372562454292590672e+01 1.546209588752358468e+04
1.376403931149796023e+01 1.542674409013757213e+04
1.380245408007001373e+01 1.535568856520307236e+04
1.384086884864206723e+01 1.533289726400934705e+04
1.387928361721412074e+01 1.527329401370157211e+04
1.391769838578617424e+01 1.526125393809431989e+04
1.395611315435822775e+01 1.513135277648677220e+04
1.399452792293028303e+01 1.514047820488100479e+04
1.403294269150233653e+01 1.507228223990960942e+04
1.407135746007439003e+01 1.510369427987418567e+04
1.410977222864644354e+01 1.501048031755662487e+04
1.414818699721849704e+01 1.505798421886958749e+04
1.418660176579055232e+01 1.496261887965524511e+04
1.422501653436260582e+01 1.500918158796346142e+04
1.426343130293465933e+01 1.494037963408629912e+04
1.430184607150671283e+01 1.504962727003798864e+04
1.434026084007876634e+01 1.500002349900207992e+04
1.437867560865081984e+01 1.504055917938136554e+04
1.441709037722287334e+01 1.501460303720738739e+04
1.445550514579492685e+01 1.507378846699978203e+04
1.449391991436698035e+01 1.503711568655385599e+04
1.453233468293903385e+01 1.501918425745043169e+04
1.457074945151108736e+01 1.498899700123620278e+04
1.460916422008314086e+01 1.493333254019045307e+04
1.464757898865519437e+01 1.490195272344554178e+04
1.468599375722724965e+01 1.481411254904887392e+04
1.472440852579930315e+01 1.483924085010207273e+04
1.476282329437135665e+01 1.475370907341067141e+04
1.480123806294341016e+01 1.476157815203328573e+04
1.483965283151546366e+01 1.467509111297373056e+04
1.487806760008751894e+01 1.465563679358644913e+04
1.491648236865957244e+01 1.465563679358644913e+04
1.495489713723162595e+01 1.469043115060794298e+04
1.499331190580367945e+01 1.459992845274350475e+04
1.503172667437573296e+01 1.465875204141070753e+04
1.507014144294778646e+01 1.460388806188283525e+04
1.510855621151983996e+01 1.463140263574826167e+04
1.514697098009189347e+01 1.458408017410917637e+04
1.518538574866394697e+01 1.460836940374248115e+04
1.522380051723600047e+01 1.457947369929297201e+04
1.526221528580805398e+01 1.457476476976269259e+04
1.530063005438010748e+01 1.455010562360952645e+04
1.533904482295216098e+01 1.454242461571930835e+04
1.537745959152421449e+01 1.451089876182629087e+04
1.541587436009626977e+01 1.444650938312786820e+04
1.545428912866832327e+01 1.441419568636364966e+04
1.549270389724037678e+01 1.433082319824104707e+04
1.553111866581243028e+01 1.433503976625732685e+04
1.556953343438448556e+01 1.423381662508885711e+04
1.560794820295653906e+01 1.423822021817149289e+04
1.564636297152859257e+01 1.416224126575397349e+04
1.568477774010064607e+01 1.419617176577826649e+04
1.572319250867269957e+01 1.415630311121528757e+04
1.576160727724475308e+01 1.421481723071939268e+04
1.580002204581680658e+01 1.415318984960626949e+04
1.583843681438886009e+01 1.420217153207917909e+04
1.587685158296091359e+01 1.418093871323229905e+04
1.591526635153296709e+01 1.422506380136839653e+04
1.595368112010502060e+01 1.419468679213119867e+04
1.599209588867707410e+01 1.417206635851077954e+04
1.603051065724912760e+01 1.414719699812987528e+04
1.606892542582118111e+01 1.412909179534586110e+04
1.610734019439323816e+01 1.409146400366276248e+04
1.614575496296529167e+01 1.401919233913846620e+04
1.618416973153734517e+01 1.398938549156817680e+04
1.622258450010939868e+01 1.393915053675377021e+04
1.626099926868145218e+01 1.393813185969427650e+04
1.629941403725350568e+01 1.383101365428962163e+04
1.633782880582555919e+01 1.386086729163087693e+04
1.637624357439761269e+01 1.379342044703959800e+04
1.641465834296966619e+01 1.379342044703959800e+04
1.645307311154171970e+01 1.374929041720189889e+04
1.649148788011377320e+01 1.381793494541563814e+04
1.652990264868582670e+01 1.375186880586275402e+04
1.656831741725788021e+01 1.376029774249201546e+04
1.660673218582993371e+01 1.369909232578258161e+04
1.664514695440198722e+01 1.372299186357799954e+04
1.668356172297404072e+01 1.367377151803036941e+04
1.672197649154609422e+01 1.367730522873584050e+04
1.676039126011814773e+01 1.361044347123372791e+04
1.679880602869020123e+01 1.357925710007681664e+04
1.683722079726225473e+01 1.355455591080404156e+04
1.687563556583430824e+01 1.350019764257168936e+04
1.691405033440636174e+01 1.347808915837334644e+04
1.695246510297841525e+01 1.343034782373361304e+04
1.699087987155047230e+01 1.345948431013159279e+04
1.702929464012252581e+01 1.335808365849068468e+04
1.706770940869457931e+01 1.337196002260362184e+04
1.710612417726663281e+01 1.327357800956716528e+04
1.714453894583868632e+01 1.333200380067947481e+04
1.718295371441073982e+01 1.324682165384505970e+04
1.722136848298279332e+01 1.324315582028434073e+04
1.725978325155484683e+01 1.316767283019993920e+04
1.729819802012690033e+01 1.313836216999416683e+04
1.733661278869895384e+01 1.309351482114093051e+04
1.737502755727100734e+01 1.307277824266428433e+04
1.741344232584306084e+01 1.304231015754059263e+04
1.745185709441511435e+01 1.296726368118299069e+04
1.749027186298717140e+01 1.292872505814008218e+04
1.752868663155922491e+01 1.287213990576002470e+04
1.756710140013127841e+01 1.275572748208723897e+04
1.760551616870333191e+01 1.262790861852690250e+04
1.764393093727538542e+01 1.266349667298608620e+04
1.768234570584743892e+01 1.260496096235841833e+04
1.772076047441949243e+01 1.252328682720826146e+04
1.775917524299154593e+01 1.243121796062566500e+04
1.779759001156359943e+01 1.244895501261244135e+04
1.783600478013565294e+01 1.237354495838871298e+04
1.787441954870770644e+01 1.232199270003886522e+04
1.791283431727975994e+01 1.221774702212978991e+04
1.795124908585181345e+01 1.214517748784112337e+04
1.798966385442386695e+01 1.214517748784112337e+04
1.802807862299592045e+01 1.206011054618130947e+04
1.806649339156797396e+01 1.195027676929520931e+04
1.810490816014002746e+01 1.191282571237438242e+04
1.814332292871208097e+01 1.190409530188618010e+04
1.818173769728413447e+01 1.184283089172792097e+04
1.822015246585618797e+01 1.178615861312440938e+04
1.825856723442824148e+01 1.175555075094610947e+04
1.829698200300029498e+01 1.175861701459215874e+04
1.833539677157234848e+01 1.169848727751448132e+04
1.837381154014440199e+01 1.165280105484525484e+04
1.841222630871645549e+01 1.159639158986811890e+04
1.845064107728850900e+01 1.159795936537348643e+04
1.848905584586056605e+01 1.150498369816528066e+04
1.852747061443261956e+01 1.145440764109325028e+04
1.856588538300467306e+01 1.142798581762256799e+04
1.860430015157672656e+01 1.141583375482403608e+04
1.864271492014878007e+01 1.134130750500607428e+04
1.868112968872083357e+01 1.132120817620255366e+04
1.871954445729288707e+01 1.131551293891253226e+04
1.871954445729288707e+01 1.131551293891253226e+04
1.877217603624025699e+01 1.122901604404308637e+04
1.882480761518762336e+01 1.121168958556349389e+04
1.887743919413499327e+01 1.121881782687502346e+04
1.893007077308235964e+01 1.117518803085789477e+04
1.898270235202972955e+01 1.117237184978581718e+04
1.903533393097709592e+01 1.119523519362829029e+04
1.908796550992446583e+01 1.116562663014891950e+04
1.914059708887183575e+01 1.108218414429874065e+04
1.919322866781920212e+01 1.106093375747158643e+04
1.924586024676657203e+01 1.096634883831933257e+04
1.929849182571393840e+01 1.097794390733131149e+04
1.935112340466130831e+01 1.094145290332079639e+04
1.940375498360867823e+01 1.091940957930546028e+04
1.945638656255604459e+01 1.092230436342776557e+04
1.950901814150341451e+01 1.092970608933894800e+04
1.956164972045078088e+01 1.083174169024715229e+04
1.961428129939815079e+01 1.083291432026754774e+04
1.966691287834551716e+01 1.080037400441156569e+04
1.971954445729288707e+01 1.078879120716653597e+04
1.971954445729288707e+01 1.078879120716653597e+04
1.977510001284844421e+01 1.082019729549076874e+04
1.983065556840399779e+01 1.091319155293902622e+04
1.988621112395955493e+01 1.092858520793863863e+04
1.994176667951510851e+01 1.095767817431599360e+04
1.999732223507066564e+01 1.099775949654495889e+04
2.005287779062621922e+01 1.102711080893695726e+04
2.010843334618177636e+01 1.100101305889458490e+04
2.016398890173732994e+01 1.104849239381825464e+04
2.021954445729288707e+01 1.102522884707376215e+04
2.027510001284844421e+01 1.106252554321729440e+04
2.033065556840399779e+01 1.104858065505120248e+04
2.038621112395955493e+01 1.107959801935158976e+04
2.044176667951510851e+01 1.105781638437860784e+04
2.049732223507066564e+01 1.108405689382624405e+04
2.055287779062621922e+01 1.101797019384719533e+04
2.060843334618177636e+01 1.104785619495013634e+04
2.066398890173732994e+01 1.099389239780580101e+04
2.071954445729288707e+01 1.101007667417387347e+04
2.077510001284844421e+01 1.099881539683478331e+04
2.083065556840399779e+01 1.104575601200036544e+04
2.088621112395955493e+01 1.097579566015081764e+04
2.094176667951510851e+01 1.097188185720121874e+04
2.099732223507066564e+01 1.092566679008926076e+04
2.105287779062621922e+01 1.093912364952530334e+04
2.110843334618177636e+01 1.090866053400705823e+04
2.116398890173732994e+01 1.090777551433643021e+04
2.121954445729288707e+01 1.090609026653988985e+04
2.127510001284844066e+01 1.091719193416666167e+04
2.133065556840399779e+01 1.086237963614751425e+04
2.138621112395955493e+01 1.085787731566543880e+04
2.144176667951510851e+01 1.083666036351245930e+04
2.149732223507066564e+01 1.081549741469294167e+04
2.155287779062621922e+01 1.076877734350574246e+04
2.160843334618177636e+01 1.075643778129347447e+04
2.166398890173732994e+01 1.069171224487323161e+04
2.171954445729288707e+01 1.066098547422193769e+04
2.177510001284844066e+01 1.062060102529288270e+04
2.183065556840399779e+01 1.060153515685219827e+04
2.188621112395955493e+01 1.056114231778284375e+04
2.194176667951510851e+01 1.052606033346923869e+04
2.199732223507066564e+01 1.049349581226317059e+04
2.205287779062621922e+01 1.046312003693052247e+04
2.210843334618177636e+01 1.040388178992492976e+04
2.216398890173732994e+01 1.037652858067149282e+04
2.221954445729288707e+01 1.036514037001696670e+04
2.227510001284844066e+01 1.035165830972996991e+04
2.233065556840399779e+01 1.034470767740670453e+04
2.238621112395955493e+01 1.032385776406875812e+04
2.244176667951510851e+01 1.030204845279711662e+04
2.249732223507066564e+01 1.027656886166182630e+04
2.255287779062621922e+01 1.023017592088297170e+04
2.260843334618177636e+01 1.018692181734807673e+04
2.266398890173732994e+01 1.016637654166325228e+04
2.271954445729288707e+01 1.014091280151331193e+04
2.277510001284844066e+01 1.011485981400007950e+04
2.283065556840399779e+01 1.011548349158030396e+04
2.288621112395955493e+01 1.007804825242715924e+04
2.294176667951510851e+01 1.006555049419549687e+04
2.299732223507066564e+01 1.002256936456812036e+04
2.305287779062621922e+01 9.983329878076379828e+03
2.310843334618177636e+01 1.001933137161464583e+04
2.316398890173732994e+01 9.989254684626304879e+03
2.321954445729288707e+01 9.958514407884831598e+03
2.327510001284844066e+01 9.958866118317617293e+03
2.333065556840399779e+01 9.937166823530100373e+03
2.338621112395955493e+01 9.832686987119246623e+03
2.344176667951510851e+01 9.822976742113653017e+03
2.349732223507066564e+01 9.796265686787719460e+03
2.355287779062621922e+01 9.749169743968019247e+03
2.360843334618177636e+01 9.729428771776849317e+03
2.366398890173732994e+01 9.692657580097607934e+03
2.371954445729288707e+01 9.677336407396463983e+03
2.377510001284844066e+01 9.662179088195354780e+03
2.383065556840399779e+01 9.646568280177712950e+03
2.388621112395955493e+01 9.636733472589839948e+03
2.394176667951510851e+01 9.625451042745991799e+03
2.399732223507066564e+01 9.587488947324807668e+03
2.405287779062621922e+01 9.555141994628847897e+03
2.410843334618177636e+01 9.518624936077118036e+03
2.416398890173733349e+01 9.480899259927691674e+03
2.421954445729288707e+01 9.459925645795165110e+03
2.427510001284844066e+01 9.431617955322466514e+03
2.433065556840399779e+01 9.404890576799196424e+03
2.438621112395955493e+01 9.401660986681778013e+03
2.444176667951510851e+01 9.386883647227354231e+03
2.449732223507066564e+01 9.352745438349151300e+03
2.455287779062621922e+01 9.349717550860490519e+03
2.460843334618177636e+01 9.323343294434065683e+03
2.466398890173732994e+01 9.269389218971895389e+03
2.471954445729288707e+01 9.219219558674803920e+03
2.477510001284844066e+01 9.180291105736145255e+03
2.483065556840399779e+01 9.136096318795251136e+03
2.488621112395955493e+01 9.103027076152409791e+03
2.494176667951510851e+01 9.086593847094609373e+03
2.499732223507066564e+01 9.055729331381309748e+03
2.505287779062621922e+01 9.033917353490436653e+03
2.510843334618177636e+01 9.008401442565525940e+03
2.516398890173732994e+01 8.974779143003059289e+03
2.521954445729288707e+01 8.932151083926461069e+03
2.527510001284844066e+01 8.894386038525492040e+03
2.533065556840399779e+01 8.861049083180021626e+03
2.538621112395955493e+01 8.808630388437368310e+03
2.544176667951510851e+01 8.755684906305021286e+03
2.549732223507066564e+01 8.707494864060525288e+03
2.555287779062621922e+01 8.655609316376177958e+03
2.560843334618177636e+01 8.621083067623249008e+03
2.566398890173732994e+01 8.549083939290008857e+03
2.571954445729288707e+01 8.495483891294730711e+03
2.577510001284844066e+01 8.448088493301571361e+03
2.583065556840399779e+01 8.413174897157079613e+03
2.588621112395955493e+01 8.336210875666847642e+03
2.594176667951510851e+01 8.301222006329418946e+03
2.599732223507066564e+01 8.229765643719907530e+03
2.605287779062621922e+01 8.175256080702446525e+03
2.610843334618177636e+01 8.083160298413744385e+03
2.616398890173732994e+01 8.020955321360478592e+03
2.621954445729288707e+01 7.934968653385612924e+03
2.627510001284844066e+01 7.884430990426610151e+03
2.633065556840399779e+01 7.790768837312105461e+03
2.638621112395955493e+01 7.755630720589359044e+03
2.644176667951510851e+01 7.701814497952264901e+03
2.649732223507066564e+01 7.636562241445467407e+03
2.655287779062621922e+01 7.574315645685264826e+03
2.660843334618177636e+01 7.532168354909404115e+03
2.666398890173732994e+01 7.474524808531755298e+03
2.671954445729288707e+01 7.428783493525280392e+03
2.677510001284844066e+01 7.389639396634018340e+03
2.683065556840399779e+01 7.376913287336459689e+03
2.688621112395955493e+01 7.346714179845051149e+03
2.694176667951510851e+01 7.306362417775868380e+03
2.699732223507066564e+01 7.251484902559069269e+03
2.705287779062621922e+01 7.245111177451384719e+03
2.710843334618177636e+01 7.221817478067190677e+03
2.716398890173732994e+01 7.195906923625580021e+03
2.721954445729288707e+01 7.170800019169482766e+03
2.721954445729288707e+01 7.170800019169482766e+03
2.727217603624025699e+01 7.172370276328879299e+03
2.732480761518762336e+01 7.183001238444046066e+03
2.737743919413499327e+01 7.186651417499905619e+03
2.743007077308235964e+01 7.206771473359833180e+03
2.748270235202972955e+01 7.205148837081335842e+03
2.753533393097709592e+01 7.215173466115966221e+03
2.758796550992446583e+01 7.201358680695449948e+03
2.764059708887183575e+01 7.226509941791520760e+03
2.769322866781920212e+01 7.228942131462355974e+03
2.774586024676657203e+01 7.256674991583589872e+03
2.779849182571393840e+01 7.262498564083160090e+03
2.785112340466130831e+01 7.323475018962095419e+03
2.790375498360867468e+01 7.332653972017472370e+03
2.795638656255604459e+01 7.374783698359026857e+03
2.800901814150341451e+01 7.410626007148757708e+03
2.806164972045078088e+01 7.465209854176185218e+03
2.811428129939815079e+01 7.464004370709594696e+03
2.816691287834551716e+01 7.502194770201267602e+03
2.821954445729288707e+01 7.509993450007886167e+03
2.827217603624025344e+01 7.513986674287441929e+03
2.832480761518762336e+01 7.521625922169386286e+03
2.837743919413499327e+01 7.521983995335824147e+03
2.843007077308235964e+01 7.495208143571280743e+03
2.848270235202972955e+01 7.474530079182950431e+03
2.853533393097709592e+01 7.439925208058697535e+03
2.858796550992446583e+01 7.416711270738815074e+03
2.864059708887183575e+01 7.390607446461945074e+03
2.869322866781920212e+01 7.409836450898018484e+03
2.874586024676657203e+01 7.404935342272976413e+03
2.879849182571393840e+01 7.435672953798495655e+03
2.885112340466130831e+01 7.427923808958896188e+03
2.890375498360867468e+01 7.444994261069176900e+03
2.895638656255604459e+01 7.414231350745278178e+03
2.900901814150341096e+01 7.422046480021532261e+03
2.906164972045078088e+01 7.384105191973813817e+03
2.911428129939815079e+01 7.404700462779475856e+03
2.916691287834551716e+01 7.357602195784840660e+03
2.921954445729288707e+01 7.356875660205105305e+03
2.927217603624025344e+01 7.324380644207539262e+03
2.932480761518762336e+01 7.345473135691288917e+03
2.937743919413499327e+01 7.287567606419715048e+03
2.943007077308235964e+01 7.306010553593453551e+03
2.948270235202972955e+01 7.289131118433166193e+03
2.953533393097709592e+01 7.294355075869483699e+03
2.958796550992446583e+01 7.254520225016928634e+03
2.964059708887183220e+01 7.268031094773925361e+03
2.969322866781920212e+01 7.241607969213893739e+03
2.974586024676656848e+01 7.226004064272083269e+03
2.979849182571393840e+01 7.181257437216920152e+03
2.985112340466130831e+01 7.179221816046150707e+03
2.990375498360867468e+01 7.149368411083991305e+03
2.995638656255604459e+01 7.146823491389628543e+03
3.000901814150341096e+01 7.134365786917469450e+03
3.006164972045078088e+01 7.143232086117958715e+03
3.011428129939815079e+01 7.103653355996674691e+03
3.016691287834551716e+01 7.109271836943468770e+03
3.021954445729288707e+01 7.086398221780107633e+03
3.027217603624025344e+01 7.075878087583953857e+03
3.032480761518762336e+01 7.034702173670009870e+03
3.037743919413499327e+01 7.032150273733405811e+03
3.043007077308235964e+01 6.977323582908311437e+03
3.048270235202972955e+01 6.959024096324747006e+03
3.053533393097709592e+01 6.904895380533172101e+03
3.058796550992446583e+01 6.896905991641689980e+03
3.064059708887183220e+01 6.827799331949076077e+03
3.069322866781920212e+01 6.819954630292767433e+03
3.074586024676656848e+01 6.760562315188288267e+03
3.079849182571393840e+01 6.746017037180825355e+03
3.085112340466130831e+01 6.694918540695123738e+03
3.090375498360867468e+01 6.689876227356796335e+03
3.095638656255604459e+01 6.625505187891030801e+03
3.100901814150341096e+01 6.608035060201805209e+03
3.106164972045078088e+01 6.565182822391174341e+03
3.111428129939815079e+01 6.544368226992034579e+03
3.116691287834551716e+01 6.498216795917888703e+03
3.121954445729288707e+01 6.474489645420771922e+03
3.127217603624025344e+01 6.422360804935202395e+03
3.132480761518762336e+01 6.398402237288233664e+03
3.137743919413498972e+01 6.356710196917758367e+03
3.143007077308235964e+01 6.332639635524485129e+03
3.148270235202972600e+01 6.286590232931634091e+03
3.153533393097709592e+01 6.278904495468843379e+03
3.158796550992446583e+01 6.229480941882572552e+03
3.164059708887183220e+01 6.194355443736613779e+03
3.169322866781920212e+01 6.146829576849934710e+03
3.174586024676656848e+01 6.131387650665938054e+03
3.179849182571393840e+01 6.076787943592171359e+03
3.185112340466130831e+01 6.050731431093305218e+03
3.190375498360867468e+01 6.019136375800282622e+03
3.195638656255604459e+01 6.012877215106643234e+03
3.200901814150341096e+01 5.957849804885817321e+03
3.206164972045078088e+01 5.947434877214951484e+03
3.211428129939815079e+01 5.976479183362889671e+03
3.216691287834551360e+01 5.953217854239721419e+03
3.221954445729288352e+01 5.907767889047950121e+03
3.227217603624025344e+01 5.928986034179455601e+03
3.232480761518762336e+01 5.912854070960181161e+03
3.237743919413499327e+01 5.865884776261717889e+03
3.243007077308235608e+01 5.878373073904094781e+03
3.248270235202972600e+01 5.916947489430473979e+03
3.253533393097709592e+01 5.912886672572310090e+03
3.258796550992446583e+01 5.927674359623638338e+03
3.264059708887183575e+01 5.919274629049051327e+03
3.269322866781919856e+01 5.924922683014616268e+03
3.274586024676656848e+01 5.912588702552860013e+03
3.279849182571393840e+01 5.929787428064510095e+03
3.285112340466130831e+01 5.935520612604644157e+03
3.290375498360867823e+01 5.964244070116588773e+03
3.295638656255604104e+01 5.963701374367492463e+03
3.300901814150341096e+01 6.000053059141950143e+03
3.306164972045078088e+01 6.006049214034333090e+03
3.311428129939815079e+01 6.032499155424448873e+03
3.316691287834551360e+01 6.042667009703687654e+03
3.321954445729288352e+01 6.075163159196682500e+03
3.327217603624025344e+01 6.071161566461184520e+03
3.332480761518762336e+01 6.092563455095051722e+03
3.337743919413499327e+01 6.104004008421983599e+03
3.343007077308235608e+01 6.138073697625668501e+03
3.348270235202972600e+01 6.140564474864881049e+03
3.353533393097709592e+01 6.187043185809356146e+03
3.358796550992446583e+01 6.196183972405548047e+03
3.364059708887182865e+01 6.226620946645494769e+03
3.369322866781919856e+01 6.212309482164641850e+03
3.374586024676656848e+01 6.242754129864798415e+03
3.379849182571393840e+01 6.220031268827891836e+03
3.385112340466130831e+01 6.247278683123977316e+03
3.390375498360867823e+01 6.232113496772032704e+03
3.395638656255604104e+01 6.255020042476642629e+03
3.400901814150341096e+01 6.249971888597929137e+03
3.406164972045078088e+01 6.267106819306469333e+03
3.411428129939815079e+01 6.228968888396107104e+03
3.416691287834551360e+01 6.228003150345830363e+03
3.421954445729288352e+01 6.204681577911692330e+03
3.427217603624025344e+01 6.199681036781180410e+03
3.432480761518762336e+01 6.178952326268202341e+03
3.437743919413499327e+01 6.204248532261864966e+03
3.443007077308235608e+01 6.185643002704484388e+03
3.448270235202972600e+01 6.195197814328200366e+03
3.453533393097709592e+01 6.188443846979917907e+03
3.458796550992446583e+01 6.201435020125752999e+03
3.464059708887182865e+01 6.175397522580502482e+03
3.469322866781919856e+01 6.185157310776386112e+03
3.474586024676656848e+01 6.166583346711462582e+03
3.479849182571393840e+01 6.159508036488071411e+03
3.485112340466130831e+01 6.126072337053793490e+03
3.490375498360867113e+01 6.132150350829137096e+03
3.495638656255604104e+01 6.103245839884206362e+03
3.500901814150341096e+01 6.105068664061373056e+03
3.506164972045078088e+01 6.080445973268080706e+03
3.511428129939815079e+01 6.119371428837898748e+03
3.516691287834551360e+01 6.094918313143766682e+03
3.521954445729288352e+01 6.112491622231778820e+03
3.527217603624025344e+01 6.094144134171341648e+03
3.532480761518762336e+01 6.108643354566878770e+03
3.537743919413499327e+01 6.056808375475402499e+03
3.543007077308235608e+01 6.060783478716753962e+03
3.548270235202972600e+01 6.028927637933312326e+03
3.553533393097709592e+01 6.029076426138180977e+03
3.558796550992446583e+01 5.991985336668867603e+03
3.564059708887182865e+01 5.988704570909420909e+03
3.569322866781919856e+01 5.945859017503037649e+03
3.574586024676656848e+01 5.935776003644636148e+03
3.579849182571393840e+01 5.891331453674929435e+03
3.585112340466130831e+01 5.870935666018704978e+03
3.590375498360867113e+01 5.824619232617582384e+03
3.595638656255604104e+01 5.803115091592157114e+03
3.600901814150341096e+01 5.764857961703492037e+03
3.606164972045078088e+01 5.749210422859572645e+03
3.611428129939814369e+01 5.719247202358599679e+03
3.616691287834551360e+01 5.692493552099806038e+03
3.621954445729288352e+01 5.671096624432035242e+03
3.627217603624025344e+01 5.632763579307737928e+03
3.632480761518762336e+01 5.572177242954681788e+03
3.637743919413499327e+01 5.546158279809698797e+03
3.643007077308235608e+01 5.490707378277033058e+03
3.648270235202972600e+01 5.459814695470025981e+03
3.653533393097709592e+01 5.429601906605803379e+03
3.658796550992445873e+01 5.415233091346598485e+03
3.664059708887182865e+01 5.359216143713297242e+03
3.669322866781919856e+01 5.345985408012495100e+03
3.674586024676656848e+01 5.301100080456859359e+03
3.679849182571393840e+01 5.283575701384119384e+03
3.685112340466130831e+01 5.253141716909454772e+03
3.690375498360867113e+01 5.249489001552461559e+03
3.695638656255604104e+01 5.222140868766976382e+03
3.700901814150341096e+01 5.201397571767753107e+03
3.706164972045078088e+01 5.171372268704684757e+03
3.711428129939814369e+01 5.164937788876631203e+03
3.716691287834551360e+01 5.158154352609327361e+03
3.721954445729288352e+01 5.152904186643277171e+03
3.727217603624025344e+01 5.156083705194927461e+03
3.732480761518762336e+01 5.151190411925201261e+03
3.737743919413499327e+01 5.126902792005092124e+03
3.743007077308235608e+01 5.107385795047098327e+03
3.748270235202972600e+01 5.099548423538058159e+03
3.753533393097709592e+01 5.090714504085214685e+03
3.758796550992445873e+01 5.058787335318916121e+03
3.764059708887182865e+01 5.071053577398377456e+03
3.769322866781919856e+01 5.052393785128873787e+03
3.774586024676656848e+01 5.052428176043167696e+03
3.779849182571393840e+01 5.028977959022078721e+03
3.785112340466130831e+01 5.037455931190650517e+03
3.790375498360867113e+01 5.002386467875954622e+03
3.795638656255604104e+01 4.982283902154046700e+03
3.800901814150341096e+01 4.955023514632444858e+03
3.806164972045078088e+01 4.959823449080212413e+03
3.811428129939814369e+01 4.668953628480569023e+03
3.816691287834551360e+01 3.683521853934752471e+03
3.821954445729288352e+01 2.700789765359281773e+03
