0.000000000000000000e+00 1.417189577633829867e+04
5.555555555555555247e-02 1.943471463256942661e+04
1.111111111111111049e-01 2.464989062966364872e+04
1.666666666666666574e-01 2.631079011796806662e+04
2.222222222222222099e-01 2.620788189209117627e+04
2.777777777777777901e-01 2.647946621439721275e+04
3.333333333333333148e-01 2.656497266063598363e+04
3.888888888888888395e-01 2.672613937301541591e+04
4.444444444444444198e-01 2.677779384514444973e+04
5.000000000000000000e-01 2.705161996966764491e+04
5.555555555555555802e-01 2.712869211624636591e+04
6.111111111111110494e-01 2.734529070695106202e+04
6.666666666666666297e-01 2.751000899246053450e+04
7.222222222222222099e-01 2.774083709948087198e+04
7.777777777777776791e-01 2.784444831565037748e+04
8.333333333333332593e-01 2.799615479156605943e+04
8.888888888888888395e-01 2.812218898466376049e+04
9.444444444444444198e-01 2.826270286632174248e+04
1.000000000000000000e+00 2.830427321880290401e+04
1.055555555555555580e+00 2.841511528100788200e+04
1.111111111111111160e+00 2.852000701511410807e+04
1.166666666666666519e+00 2.864226091759194969e+04
1.222222222222222099e+00 2.871285731939348625e+04
1.277777777777777679e+00 2.885460516020724754e+04
1.333333333333333259e+00 2.894909361627689213e+04
1.388888888888888840e+00 2.902337551850100863e+04
1.444444444444444420e+00 2.902775276332123394e+04
1.500000000000000000e+00 2.910486859207359521e+04
1.555555555555555358e+00 2.920602479102709913e+04
1.611111111111110938e+00 2.928865326377367091e+04
1.666666666666666519e+00 2.934506135591678321e+04
1.722222222222222099e+00 2.944672983882361950e+04
1.777777777777777679e+00 2.950822478462412982e+04
1.833333333333333259e+00 2.957818439971119369e+04
1.888888888888888840e+00 2.959931269627522124e+04
1.944444444444444420e+00 2.969620928812761485e+04
2.000000000000000000e+00 2.969562318841195156e+04
2.055555555555555358e+00 2.977999374426042777e+04
2.111111111111111160e+00 2.977317561476230549e+04
2.166666666666666519e+00 2.983716209876125140e+04
2.222222222222222321e+00 2.986781342113538267e+04
2.277777777777777679e+00 3.000329332154378062e+04
2.333333333333333037e+00 3.002658061865788113e+04
2.388888888888888840e+00 3.017981368541262782e+04
2.444444444444444198e+00 3.023053724026948476e+04
2.500000000000000000e+00 3.029203936323589369e+04
2.555555555555555358e+00 3.034196590302981713e+04
2.611111111111111160e+00 3.045840601232038898e+04
2.666666666666666519e+00 3.043400150746676809e+04
2.722222222222221877e+00 3.049115159704216057e+04
2.777777777777777679e+00 3.050733094398324465e+04
2.833333333333333037e+00 3.053268528429578146e+04
2.888888888888888840e+00 3.053926948300068034e+04
2.944444444444444198e+00 3.053127979608136957e+04
3.000000000000000000e+00 3.051282683301099314e+04
3.055555555555555358e+00 3.051422969780637141e+04
3.111111111111110716e+00 3.046842403495932376e+04
3.166666666666666519e+00 3.045437340238700199e+04
3.222222222222221877e+00 3.039910573504677814e+04
3.277777777777777679e+00 3.041748081781551082e+04
3.333333333333333037e+00 3.038863604020131606e+04
3.388888888888888840e+00 3.036593703552950319e+04
3.444444444444444198e+00 3.034142660514198360e+04
3.500000000000000000e+00 3.034304398095556462e+04
3.555555555555555358e+00 3.026753462007183043e+04
3.611111111111110716e+00 3.026821126702723632e+04
3.666666666666666519e+00 3.021380483872281548e+04
3.722222222222221877e+00 3.010531906408043142e+04
3.777777777777777679e+00 3.004865941503543218e+04
3.833333333333333037e+00 2.999543347901566813e+04
3.888888888888888840e+00 2.985860421771526308e+04
3.944444444444444198e+00 2.980129118042990376e+04
4.000000000000000000e+00 2.974058734737323903e+04
4.055555555555555358e+00 2.968875593359610139e+04
4.111111111111110716e+00 2.960843337184043048e+04
4.166666666666666075e+00 2.957638007876673873e+04
4.222222222222222321e+00 2.952259918688604375e+04
4.277777777777777679e+00 2.948944684072937162e+04
4.333333333333333037e+00 2.943611130840572150e+04
4.388888888888888395e+00 2.939895368942341884e+04
4.444444444444444642e+00 2.929756044039353219e+04
4.500000000000000000e+00 2.921499963321540417e+04
4.555555555555555358e+00 2.910188265204805793e+04
4.611111111111110716e+00 2.898203684567396340e+04
4.666666666666666075e+00 2.886578233666106826e+04
4.722222222222222321e+00 2.886409451000555418e+04
4.777777777777777679e+00 2.876088340653693376e+04
4.833333333333333037e+00 2.866852582597583023e+04
4.888888888888888395e+00 2.880493026802632812e+04
4.944444444444443754e+00 2.875420398011194266e+04
5.000000000000000000e+00 2.861733886362825797e+04
5.055555555555555358e+00 2.862602376348470716e+04
5.111111111111110716e+00 2.862007030590199429e+04
5.166666666666666075e+00 2.843823194672367026e+04
5.222222222222222321e+00 2.842402974600690504e+04
5.277777777777777679e+00 2.842570115770212215e+04
5.333333333333333037e+00 2.829206638748147088e+04
5.388888888888888395e+00 2.823588231431060194e+04
5.444444444444443754e+00 2.811006789175882659e+04
5.500000000000000000e+00 2.806053846312007954e+04
5.555555555555555358e+00 2.800306242579821992e+04
5.611111111111110716e+00 2.797267003249023037e+04
5.666666666666666075e+00 2.789103124129491698e+04
5.722222222222222321e+00 2.783603582658254163e+04
5.777777777777777679e+00 2.776392739059449013e+04
5.833333333333333037e+00 2.767259473647256527e+04
5.888888888888888395e+00 2.757808592783113636e+04
5.944444444444443754e+00 2.755277654725223692e+04
6.000000000000000000e+00 2.749057908211959148e+04
6.055555555555555358e+00 2.735487828079718747e+04
6.111111111111110716e+00 2.727028000301774591e+04
6.166666666666666075e+00 2.728609441004640030e+04
6.222222222222221433e+00 2.717288678487038851e+04
6.277777777777777679e+00 2.710020900420601902e+04
6.333333333333333037e+00 2.707784598848269525e+04
6.388888888888888395e+00 2.700342030074692957e+04
6.444444444444443754e+00 2.685307190028718833e+04
6.500000000000000000e+00 2.678581362596755571e+04
6.555555555555555358e+00 2.668234129677848614e+04
6.611111111111110716e+00 2.661559632838145626e+04
6.666666666666666075e+00 2.653250227207704302e+04
6.722222222222221433e+00 2.649587039144230221e+04
6.777777777777777679e+00 2.639645084536559807e+04
6.833333333333333037e+00 2.624765022695977314e+04
6.888888888888888395e+00 2.608536014056899148e+04
6.944444444444443754e+00 2.595835894562686735e+04
7.000000000000000000e+00 2.572480366779103133e+04
7.055555555555555358e+00 2.553581440787938845e+04
7.111111111111110716e+00 2.537355858811557846e+04
7.166666666666666075e+00 2.523545640341269973e+04
7.222222222222221433e+00 2.507149373818895037e+04
7.277777777777777679e+00 2.497796715504136955e+04
7.333333333333333037e+00 2.476906656258585281e+04
7.388888888888888395e+00 2.473985118874719046e+04
7.444444444444443754e+00 2.452251113216115846e+04
7.500000000000000000e+00 2.437439004465938706e+04
7.555555555555555358e+00 2.420462292141648868e+04
7.611111111111110716e+00 2.416382498754184417e+04
7.666666666666666075e+00 2.395329088439677071e+04
7.722222222222221433e+00 2.387895740348830077e+04
7.777777777777777679e+00 2.368651410161751846e+04
7.833333333333333037e+00 2.359655737867903372e+04
7.888888888888888395e+00 2.339383629154364826e+04
7.944444444444443754e+00 2.325740107708532742e+04
8.000000000000000000e+00 2.303841191459551192e+04
8.055555555555555358e+00 2.291568399027068153e+04
8.111111111111110716e+00 2.266868492347884603e+04
8.166666666666666075e+00 2.259741658008961895e+04
8.222222222222221433e+00 2.241668811380318220e+04
8.277777777777776791e+00 2.229788539670027239e+04
8.333333333333332149e+00 2.215835430046690817e+04
8.388888888888889284e+00 2.205611668254724646e+04
8.444444444444444642e+00 2.189210703302034381e+04
8.500000000000000000e+00 2.183303517137030212e+04
8.500000000000000000e+00 2.183303517137030212e+04
8.552631578947368141e+00 2.181067802355377717e+04
8.605263157894736281e+00 2.185103662060529314e+04
8.657894736842104422e+00 2.185738960953769129e+04
8.710526315789474339e+00 2.200790316217822692e+04
8.763157894736842479e+00 2.199306699448918880e+04
8.815789473684210620e+00 2.195063555638566322e+04
8.868421052631578760e+00 2.191558898183971542e+04
8.921052631578946901e+00 2.190317130469902986e+04
8.973684210526315042e+00 2.181904813365939845e+04
9.026315789473684958e+00 2.191626175588757178e+04
9.078947368421053099e+00 2.188233342975111373e+04
9.131578947368421240e+00 2.200017070800104921e+04
9.184210526315789380e+00 2.198171257256629542e+04
9.236842105263157521e+00 2.193713489957621641e+04
9.289473684210525661e+00 2.191289969644472149e+04
9.342105263157893802e+00 2.196870988889075670e+04
9.394736842105263719e+00 2.194931535292845365e+04
9.447368421052631859e+00 2.199521325160964625e+04
9.500000000000000000e+00 2.210250786485862409e+04
9.500000000000000000e+00 2.210250786485862409e+04
9.538414768572053504e+00 2.214570204909005406e+04
9.576829537144107007e+00 2.213074525989284302e+04
9.615244305716160511e+00 2.223591158166413516e+04
9.653659074288214015e+00 2.220675044364773203e+04
9.692073842860269295e+00 2.217154747520399542e+04
9.730488611432322799e+00 2.224427992244716006e+04
9.768903380004376302e+00 2.236238834137149752e+04
9.807318148576429806e+00 2.222521035542606114e+04
9.845732917148483310e+00 2.223276647704663628e+04
9.884147685720536813e+00 2.220003811564865828e+04
9.922562454292590317e+00 2.222243343278330212e+04
9.960977222864643821e+00 2.212790686165435545e+04
9.999391991436697325e+00 2.212482534434319678e+04
1.003780676000875260e+01 2.211529333369403685e+04
1.007622152858080611e+01 2.213315812200243090e+04
1.011463629715285961e+01 2.204226462156062917e+04
1.015305106572491312e+01 2.205028474783243655e+04
1.019146583429696662e+01 2.212785845013066501e+04
1.022988060286902012e+01 2.213348403322100057e+04
1.026829537144107363e+01 2.213348403322100057e+04
1.030671014001312713e+01 2.202798864387843787e+04
1.034512490858518063e+01 2.209306812232521770e+04
1.038353967715723414e+01 2.207357914874979906e+04
1.042195444572928942e+01 2.212440888996170543e+04
1.046036921430134292e+01 2.200819453768634412e+04
1.049878398287339643e+01 2.206770104881043517e+04
1.053719875144544993e+01 2.208302693963480124e+04
1.057561352001750343e+01 2.208554504718331737e+04
1.061402828858955694e+01 2.189544733607063972e+04
1.065244305716161044e+01 2.197177042060816893e+04
1.069085782573366394e+01 2.213787778035642987e+04
1.072927259430571922e+01 2.215718811274762265e+04
1.076768736287777273e+01 2.211282182526420729e+04
1.080610213144982623e+01 2.212544649052532623e+04
1.084451690002187974e+01 2.202239728332258892e+04
1.088293166859393324e+01 2.188897648715085961e+04
1.092134643716598674e+01 2.188639760626248244e+04
1.095976120573804025e+01 2.181111640712932785e+04
1.099817597431009375e+01 2.184794996328793786e+04
1.103659074288214725e+01 2.168855838368731202e+04
1.107500551145420076e+01 2.166722990395113447e+04
1.111342028002625604e+01 2.150389772867708962e+04
1.115183504859830954e+01 2.153920239213716559e+04
1.119024981717036304e+01 2.147604333702226722e+04
1.122866458574241655e+01 2.153573991754254530e+04
1.126707935431447005e+01 2.139411440729167225e+04
1.130549412288652356e+01 2.142879915740099750e+04
1.134390889145857706e+01 2.140286747111686782e+04
1.138232366003063056e+01 2.146142561950755044e+04
1.142073842860268584e+01 2.147346427864721772e+04
1.145915319717473935e+01 2.149021747861778204e+04
1.149756796574679285e+01 2.149962682267911077e+04
1.153598273431884635e+01 2.147230988478772997e+04
1.157439750289089986e+01 2.144536188972319360e+04
1.161281227146295336e+01 2.135335785453869903e+04
1.165122704003500687e+01 2.135373387081675173e+04
1.168964180860706037e+01 2.126116511064056976e+04
1.172805657717911387e+01 2.125954813478180949e+04
1.176647134575116738e+01 2.106955453108570509e+04
1.180488611432322088e+01 2.100284524580387006e+04
1.184330088289527616e+01 2.100284524580387006e+04
1.188171565146732966e+01 2.102753237189184438e+04
1.192013042003938317e+01 2.089309088781712126e+04
1.195854518861143667e+01 2.094308695775227170e+04
1.199695995718349018e+01 2.087057727627948771e+04
1.203537472575554368e+01 2.089220875061119295e+04
1.207378949432759718e+01 2.080866958656169663e+04
1.211220426289965246e+01 2.087558170756828622e+04
1.215061903147170597e+01 2.085734454121990711e+04
1.218903380004375947e+01 2.088016203369593131e+04
1.222744856861581297e+01 2.086505344485896785e+04
1.226586333718786648e+01 2.088845223575057025e+04
1.230427810575991998e+01 2.086172817334653155e+04
1.234269287433197348e+01 2.080301540810698134e+04
1.238110764290402699e+01 2.079488480857386458e+04
1.241952241147608049e+01 2.072415881792594882e+04
1.245793718004813400e+01 2.073962330562067655e+04
1.249635194862018750e+01 2.061800347708093977e+04
1.253476671719224278e+01 2.064334532035128723e+04
1.257318148576429628e+01 2.052161615628045183e+04
1.261159625433634979e+01 2.053470842422295391e+04
1.265001102290840329e+01 2.045565295306620465e+04
1.268842579148045679e+01 2.052997260451277180e+04
1.272684056005251030e+01 2.040999540416843956e+04
1.276525532862456380e+01 2.043209873164064629e+04
1.280367009719661908e+01 2.034633868019844158e+04
1.284208486576867259e+01 2.040259435949251929e+04
1.288049963434072609e+01 2.036105652620344335e+04
1.291891440291277959e+01 2.039266144150296532e+04
1.295732917148483310e+01 2.037907614900391127e+04
1.299574394005688660e+01 2.040640019878310341e+04
1.303415870862894010e+01 2.039551485070212584e+04
1.307257347720099361e+01 2.032038061140238278e+04
1.311098824577304711e+01 2.030951083689783627e+04
1.314940301434510062e+01 2.022592835849812764e+04
1.318781778291715412e+01 2.019886490012180730e+04
1.322623255148920762e+01 2.005677725703473698e+04
1.326464732006126290e+01 2.007341948281462101e+04
1.330306208863331641e+01 1.994930342980317801e+04
1.334147685720536991e+01 1.994930342980317801e+04
1.337989162577742341e+01 1.982311918277814402e+04
1.341830639434947692e+01 1.989385778302621475e+04
1.345672116292153042e+01 1.982130937659934352e+04
1.349513593149358570e+01 1.987621022787981565e+04
1.353355070006563921e+01 1.977667477312415576e+04
1.357196546863769271e+01 1.983644593412662653e+04
1.361038023720974621e+01 1.985334305054893048e+04
1.364879500578179972e+01 1.991048335948073145e+04
1.368720977435385322e+01 1.986787256967127178e+04
1.372562454292590672e+01 1.989137443040318976e+04
1.376403931149796023e+01 1.988774389483447885e+04
1.380245408007001373e+01 1.985734802015010064e+04
1.384086884864206723e+01 1.986180697077900550e+04
1.387928361721412074e+01 1.983977492823423381e+04
1.391769838578617424e+01 1.982796003010308777e+04
1.395611315435822775e+01 1.967272219954545290e+04
1.399452792293028303e+01 1.967893487385234039e+04
1.403294269150233653e+01 1.960118929706958806e+04
1.407135746007439003e+01 1.961778328889340992e+04
1.410977222864644354e+01 1.950114598153759289e+04
1.414818699721849704e+01 1.954474234030490697e+04
1.418660176579055232e+01 1.943986651529803567e+04
1.422501653436260582e+01 1.947230660739220912e+04
1.426343130293465933e+01 1.938392116713650466e+04
1.430184607150671283e+01 1.949712515137557057e+04
1.434026084007876634e+01 1.944859299130057479e+04
1.437867560865081984e+01 1.946624077836376819e+04
1.441709037722287334e+01 1.939558947735912079e+04
1.445550514579492685e+01 1.938797661077249359e+04
1.449391991436698035e+01 1.933494334035185238e+04
1.453233468293903385e+01 1.930155969274491144e+04
1.457074945151108736e+01 1.929915471643220371e+04
1.460916422008314086e+01 1.924876878289197339e+04
1.464757898865519437e+01 1.922168437159657697e+04
1.468599375722724965e+01 1.910148461427670554e+04
1.472440852579930315e+01 1.914706996668874490e+04
1.476282329437135665e+01 1.900948342749417498e+04
1.480123806294341016e+01 1.901724734624971825e+04
1.483965283151546366e+01 1.888042835723840835e+04
1.487806760008751894e+01 1.887356344282552163e+04
1.491648236865957244e+01 1.887356344282552163e+04
1.495489713723162595e+01 1.892604151610239205e+04
1.499331190580367945e+01 1.886855440788411943e+04
1.503172667437573296e+01 1.893542732732489822e+04
1.507014144294778646e+01 1.889968328895493323e+04
1.510855621151983996e+01 1.893367378064345394e+04
1.514697098009189347e+01 1.890669384368387909e+04
1.518538574866394697e+01 1.893891567666107585e+04
1.522380051723600047e+01 1.891518770505801149e+04
1.526221528580805398e+01 1.889730450341634423e+04
1.530063005438010748e+01 1.888578315500244207e+04
1.533904482295216098e+01 1.885147013882827741e+04
1.537745959152421449e+01 1.884577469237608602e+04
1.541587436009626977e+01 1.873223587192292689e+04
1.545428912866832327e+01 1.870645032803808863e+04
1.549270389724037678e+01 1.859422627188842307e+04
1.553111866581243028e+01 1.859837071907183417e+04
1.556953343438448556e+01 1.847204355595764355e+04
1.560794820295653906e+01 1.847249888652454320e+04
1.564636297152859257e+01 1.840265615099170100e+04
1.568477774010064607e+01 1.847311460150150742e+04
1.572319250867269957e+01 1.840550279443598629e+04
1.576160727724475308e+01 1.846455144297413790e+04
1.580002204581680658e+01 1.836120798004739481e+04
1.583843681438886009e+01 1.838491267358531331e+04
1.587685158296091359e+01 1.834290680077617071e+04
1.591526635153296709e+01 1.838914314691733671e+04
1.595368112010502060e+01 1.835108868134281875e+04
1.599209588867707410e+01 1.833261619828078983e+04
1.603051065724912760e+01 1.833442683989319630e+04
1.606892542582118111e+01 1.829895302626885314e+04
1.610734019439323816e+01 1.826391164597904935e+04
1.614575496296529167e+01 1.814604270793986507e+04
1.618416973153734517e+01 1.814039772134634768e+04
1.622258450010939868e+01 1.803465914902186341e+04
1.626099926868145218e+01 1.802341203544060409e+04
1.629941403725350568e+01 1.788938306066912628e+04
1.633782880582555919e+01 1.793673242532408040e+04
1.637624357439761269e+01 1.781346584501486723e+04
1.641465834296966619e+01 1.781346584501486723e+04
1.645307311154171970e+01 1.774978404902222246e+04
1.649148788011377320e+01 1.781568007201356522e+04
1.652990264868582670e+01 1.776074470971819392e+04
1.656831741725788021e+01 1.778126484107664874e+04
1.660673218582993371e+01 1.772032638093318019e+04
1.664514695440198722e+01 1.777025442856100199e+04
1.668356172297404072e+01 1.774729950203066255e+04
1.672197649154609422e+01 1.775086546031898615e+04
1.676039126011814773e+01 1.773918900544054850e+04
1.679880602869020123e+01 1.772570338442330103e+04
1.683722079726225473e+01 1.771919925351229176e+04
1.687563556583430824e+01 1.764960924007520225e+04
1.691405033440636174e+01 1.763650038963152474e+04
1.695246510297841525e+01 1.754278878973471365e+04
1.699087987155047230e+01 1.760490963861616547e+04
1.702929464012252581e+01 1.743012594445201466e+04
1.706770940869457931e+01 1.743141233932028990e+04
1.710612417726663281e+01 1.728943810444522023e+04
1.714453894583868632e+01 1.733692455601767142e+04
1.718295371441073982e+01 1.722911325108642268e+04
1.722136848298279332e+01 1.725191301531802310e+04
1.725978325155484683e+01 1.714675294994230353e+04
1.729819802012690033e+01 1.713035698091079394e+04
1.733661278869895384e+01 1.704478847399205551e+04
1.737502755727100734e+01 1.706887188159933066e+04
1.741344232584306084e+01 1.702738800389189782e+04
1.745185709441511435e+01 1.694761401975393892e+04
1.749027186298717140e+01 1.691335927741643536e+04
1.752868663155922491e+01 1.684357162630248786e+04
1.756710140013127841e+01 1.666904062049558706e+04
1.760551616870333191e+01 1.655778689910938192e+04
1.764393093727538542e+01 1.660367667508841987e+04
1.768234570584743892e+01 1.653297493965295143e+04
1.772076047441949243e+01 1.642550168384973585e+04
1.775917524299154593e+01 1.631667870353324724e+04
1.779759001156359943e+01 1.633247926993576402e+04
1.783600478013565294e+01 1.626875915679843820e+04
1.787441954870770644e+01 1.619442304508036432e+04
1.791283431727975994e+01 1.605550394228627556e+04
1.795124908585181345e+01 1.599927854349302288e+04
1.798966385442386695e+01 1.599927854349302288e+04
1.802807862299592045e+01 1.590721693550200143e+04
1.806649339156797396e+01 1.576511880319173179e+04
1.810490816014002746e+01 1.572865672339412777e+04
1.814332292871208097e+01 1.571886759879853889e+04
1.818173769728413447e+01 1.563062016484431479e+04
1.822015246585618797e+01 1.554240500533744853e+04
1.825856723442824148e+01 1.550251112823445874e+04
1.829698200300029498e+01 1.548884708765676442e+04
1.833539677157234848e+01 1.540240509946110797e+04
1.837381154014440199e+01 1.534175680306598406e+04
1.841222630871645549e+01 1.528845216029132644e+04
1.845064107728850900e+01 1.530521063152150964e+04
1.848905584586056605e+01 1.521048043795141893e+04
1.852747061443261956e+01 1.515165512429474256e+04
1.856588538300467306e+01 1.513407853477174285e+04
1.860430015157672656e+01 1.513480281383751208e+04
1.864271492014878007e+01 1.501840258825601268e+04
1.868112968872083357e+01 1.500539293913011716e+04
1.871954445729288707e+01 1.499074051953670642e+04
1.871954445729288707e+01 1.499074051953670642e+04
1.877217603624025699e+01 1.491664161028999661e+04
1.882480761518762336e+01 1.488349447408273772e+04
1.887743919413499327e+01 1.488590377998799704e+04
1.893007077308235964e+01 1.481281876396486405e+04
1.898270235202972955e+01 1.478463628379431066e+04
1.903533393097709592e+01 1.478403723190398887e+04
1.908796550992446583e+01 1.476206009135991917e+04
1.914059708887183575e+01 1.464140804974167804e+04
1.919322866781920212e+01 1.463687827324834871e+04
1.924586024676657203e+01 1.454167626056768859e+04
1.929849182571393840e+01 1.457596778657279538e+04
1.935112340466130831e+01 1.452778636959830146e+04
1.940375498360867823e+01 1.451314243043633724e+04
1.945638656255604459e+01 1.448707904800578581e+04
1.950901814150341451e+01 1.445517566363097285e+04
1.956164972045078088e+01 1.431068813817613045e+04
1.961428129939815079e+01 1.430255906354000399e+04
1.966691287834551716e+01 1.424798178812685001e+04
1.971954445729288707e+01 1.424786259283547406e+04
1.971954445729288707e+01 1.424786259283547406e+04
1.977510001284844421e+01 1.428898708834321224e+04
1.983065556840399779e+01 1.440117713746701520e+04
1.988621112395955493e+01 1.443371006470705288e+04
1.994176667951510851e+01 1.451173348785713279e+04
1.999732223507066564e+01 1.458303248759414419e+04
2.005287779062621922e+01 1.467870244952219036e+04
2.010843334618177636e+01 1.468143300059785906e+04
2.016398890173732994e+01 1.478005691675596972e+04
2.021954445729288707e+01 1.475071883869187513e+04
2.027510001284844421e+01 1.477908742426298522e+04
2.033065556840399779e+01 1.476251804781480496e+04
2.038621112395955493e+01 1.479993914149961529e+04
2.044176667951510851e+01 1.475956181872871275e+04
2.049732223507066564e+01 1.479630602662868660e+04
2.055287779062621922e+01 1.475628686400371407e+04
2.060843334618177636e+01 1.479592045621947000e+04
2.066398890173732994e+01 1.473793102828871088e+04
2.071954445729288707e+01 1.478918291741767825e+04
2.077510001284844421e+01 1.481798397269850284e+04
2.083065556840399779e+01 1.486629062521556261e+04
2.088621112395955493e+01 1.478360080084592846e+04
2.094176667951510851e+01 1.481155051651737085e+04
2.099732223507066564e+01 1.475977193130179148e+04
2.105287779062621922e+01 1.473987921441254730e+04
2.110843334618177636e+01 1.468885139989643903e+04
2.116398890173732994e+01 1.469051369534973128e+04
2.121954445729288707e+01 1.466383123015846650e+04
2.127510001284844066e+01 1.466568095809893566e+04
2.133065556840399779e+01 1.461257958556163976e+04
2.138621112395955493e+01 1.461930697694031187e+04
2.144176667951510851e+01 1.458472045162890572e+04
2.149732223507066564e+01 1.457790815051647587e+04
2.155287779062621922e+01 1.453033002801187467e+04
2.160843334618177636e+01 1.452902250582951456e+04
2.166398890173732994e+01 1.448376789334243767e+04
2.171954445729288707e+01 1.447153528496024410e+04
2.177510001284844066e+01 1.440691817708563758e+04
2.183065556840399779e+01 1.438350956284645326e+04
2.188621112395955493e+01 1.431169912789534465e+04
2.194176667951510851e+01 1.423579617001803490e+04
2.199732223507066564e+01 1.419843446071541439e+04
2.205287779062621922e+01 1.420647215982236594e+04
2.210843334618177636e+01 1.412799670141693423e+04
2.216398890173732994e+01 1.411874850773838625e+04
2.221954445729288707e+01 1.414020476281888295e+04
2.227510001284844066e+01 1.412358959623631381e+04
2.233065556840399779e+01 1.406081820813069135e+04
2.238621112395955493e+01 1.406377386848393689e+04
2.244176667951510851e+01 1.403712930435032831e+04
2.249732223507066564e+01 1.399176486693064544e+04
2.255287779062621922e+01 1.393745947570797034e+04
2.260843334618177636e+01 1.393496975770016070e+04
2.266398890173732994e+01 1.388860719277921635e+04
2.271954445729288707e+01 1.384443825090613609e+04
2.277510001284844066e+01 1.380917785053933039e+04
2.283065556840399779e+01 1.378285715124461240e+04
2.288621112395955493e+01 1.372170236758550527e+04
2.294176667951510851e+01 1.371098063206992265e+04
2.299732223507066564e+01 1.368407462904862768e+04
2.305287779062621922e+01 1.363930947449009363e+04
2.310843334618177636e+01 1.371017960633131406e+04
2.316398890173732994e+01 1.367017596859092555e+04
2.321954445729288707e+01 1.361722408911831371e+04
2.327510001284844066e+01 1.362822742706031386e+04
2.333065556840399779e+01 1.362616460466235549e+04
2.338621112395955493e+01 1.350624113782737732e+04
2.344176667951510851e+01 1.351738308325531762e+04
2.349732223507066564e+01 1.351591865963472446e+04
2.355287779062621922e+01 1.344623519245469106e+04
2.360843334618177636e+01 1.341980128991147285e+04
2.366398890173732994e+01 1.336595650739574558e+04
2.371954445729288707e+01 1.330330244361534096e+04
2.377510001284844066e+01 1.325642559451265515e+04
2.383065556840399779e+01 1.321849924101202123e+04
2.388621112395955493e+01 1.317255220061080763e+04
2.394176667951510851e+01 1.315038686642623179e+04
2.399732223507066564e+01 1.312248332493532507e+04
2.405287779062621922e+01 1.309772789128636214e+04
2.410843334618177636e+01 1.305406504270216283e+04
2.416398890173733349e+01 1.301558663713266651e+04
2.421954445729288707e+01 1.299079756311190431e+04
2.427510001284844066e+01 1.293815711860255033e+04
2.433065556840399779e+01 1.290829876367480028e+04
2.438621112395955493e+01 1.292804916295405928e+04
2.444176667951510851e+01 1.290138759554651551e+04
2.449732223507066564e+01 1.286304145635137138e+04
2.455287779062621922e+01 1.286591660024023986e+04
2.460843334618177636e+01 1.282651280196489279e+04
2.466398890173732994e+01 1.276685654505040839e+04
2.471954445729288707e+01 1.273417999642039467e+04
2.477510001284844066e+01 1.269283152523801073e+04
2.483065556840399779e+01 1.267463030515900573e+04
2.488621112395955493e+01 1.264493527523051307e+04
2.494176667951510851e+01 1.261978342226235691e+04
2.499732223507066564e+01 1.258767539715205749e+04
2.505287779062621922e+01 1.257211878875855837e+04
2.510843334618177636e+01 1.253461948520010083e+04
2.516398890173732994e+01 1.251990665523673306e+04
2.521954445729288707e+01 1.246869133010343285e+04
2.527510001284844066e+01 1.242539822904488028e+04
2.533065556840399779e+01 1.237833796375826023e+04
2.538621112395955493e+01 1.232442681271931178e+04
2.544176667951510851e+01 1.225989164850453017e+04
2.549732223507066564e+01 1.221983822742728444e+04
2.555287779062621922e+01 1.216221586186905552e+04
2.560843334618177636e+01 1.212929881643142653e+04
2.566398890173732994e+01 1.203275480242215053e+04
2.571954445729288707e+01 1.195236087508206583e+04
2.577510001284844066e+01 1.187658081524597219e+04
2.583065556840399779e+01 1.182983701297984589e+04
2.588621112395955493e+01 1.173124590946741228e+04
2.594176667951510851e+01 1.168519793310361274e+04
2.599732223507066564e+01 1.158516609566015177e+04
2.605287779062621922e+01 1.151455857984807517e+04
2.610843334618177636e+01 1.139994282017481237e+04
2.616398890173732994e+01 1.132474804389415294e+04
2.621954445729288707e+01 1.121308905514419348e+04
2.627510001284844066e+01 1.117681479131863125e+04
2.633065556840399779e+01 1.105684711251216686e+04
2.638621112395955493e+01 1.099102887009255210e+04
2.644176667951510851e+01 1.091341809757159172e+04
2.649732223507066564e+01 1.084471380493162360e+04
2.655287779062621922e+01 1.074826680854901679e+04
2.660843334618177636e+01 1.071049324345196874e+04
2.666398890173732994e+01 1.064949970017319720e+04
2.671954445729288707e+01 1.058787243567546284e+04
2.677510001284844066e+01 1.053004111128851036e+04
2.683065556840399779e+01 1.050504884223510453e+04
2.688621112395955493e+01 1.044298338522176164e+04
2.694176667951510851e+01 1.038772776562577747e+04
2.699732223507066564e+01 1.032039298996771504e+04
2.705287779062621922e+01 1.030737738661984986e+04
2.710843334618177636e+01 1.028465075761523985e+04
2.716398890173732994e+01 1.026827482824585240e+04
2.721954445729288707e+01 1.024253592382004354e+04
2.721954445729288707e+01 1.024253592382004354e+04
2.727217603624025699e+01 1.025628581819322972e+04
2.732480761518762336e+01 1.028119055542171736e+04
2.737743919413499327e+01 1.028343355854590845e+04
2.743007077308235964e+01 1.029957362202887816e+04
2.748270235202972955e+01 1.030001860684391795e+04
2.753533393097709592e+01 1.029920346530546885e+04
2.758796550992446583e+01 1.028871207185438470e+04
2.764059708887183575e+01 1.031961182919537714e+04
2.769322866781920212e+01 1.034145463423862202e+04
2.774586024676657203e+01 1.039725141946547956e+04
2.779849182571393840e+01 1.040123734334734036e+04
2.785112340466130831e+01 1.047164074188680024e+04
2.790375498360867468e+01 1.047537428843809721e+04
2.795638656255604459e+01 1.050224727062064085e+04
2.800901814150341451e+01 1.051913133484059108e+04
2.806164972045078088e+01 1.059490379773094355e+04
2.811428129939815079e+01 1.060890230010401501e+04
2.816691287834551716e+01 1.067697478804497950e+04
2.821954445729288707e+01 1.071573855959336834e+04
2.827217603624025344e+01 1.073676537177709179e+04
2.832480761518762336e+01 1.076118744020963095e+04
2.837743919413499327e+01 1.078297616825916339e+04
2.843007077308235964e+01 1.078188741128026231e+04
2.848270235202972955e+01 1.080010360338005194e+04
2.853533393097709592e+01 1.079423363725319541e+04
2.858796550992446583e+01 1.081502716778444119e+04
2.864059708887183575e+01 1.078616256865419018e+04
2.869322866781920212e+01 1.081618765973941845e+04
2.874586024676657203e+01 1.079767982268026935e+04
2.879849182571393840e+01 1.082780702927715902e+04
2.885112340466130831e+01 1.080021385272598127e+04
2.890375498360867468e+01 1.083691994171219631e+04
2.895638656255604459e+01 1.080644821919219430e+04
2.900901814150341096e+01 1.082836983241870985e+04
2.906164972045078088e+01 1.078060368027331606e+04
2.911428129939815079e+01 1.081852113892912348e+04
2.916691287834551716e+01 1.076164484237982288e+04
2.921954445729288707e+01 1.075713000749634739e+04
2.927217603624025344e+01 1.070175766271708562e+04
2.932480761518762336e+01 1.074746953962303814e+04
2.937743919413499327e+01 1.067926308763142333e+04
2.943007077308235964e+01 1.070071823146255156e+04
2.948270235202972955e+01 1.065982756667622925e+04
2.953533393097709592e+01 1.067291974740020305e+04
2.958796550992446583e+01 1.061129582571345054e+04
2.964059708887183220e+01 1.062811510423314394e+04
2.969322866781920212e+01 1.060075657843155386e+04
2.974586024676656848e+01 1.061453708391156033e+04
2.979849182571393840e+01 1.056840167742945778e+04
2.985112340466130831e+01 1.058375605949278906e+04
2.990375498360867468e+01 1.053150334910078163e+04
2.995638656255604459e+01 1.052607001688350465e+04
3.000901814150341096e+01 1.048873222620068373e+04
3.006164972045078088e+01 1.050445013755170839e+04
3.011428129939815079e+01 1.044294323831191105e+04
3.016691287834551716e+01 1.044925936510174142e+04
3.021954445729288707e+01 1.042662493747294866e+04
3.027217603624025344e+01 1.042682931731837198e+04
3.032480761518762336e+01 1.036400075315856884e+04
3.037743919413499327e+01 1.037379223498118336e+04
3.043007077308235964e+01 1.031699501973244514e+04
3.048270235202972955e+01 1.028711511271388554e+04
3.053533393097709592e+01 1.021414885275115012e+04
3.058796550992446583e+01 1.023172802963724280e+04
3.064059708887183220e+01 1.014977301517434535e+04
3.069322866781920212e+01 1.014718415202252254e+04
3.074586024676656848e+01 1.006721371983880454e+04
3.079849182571393840e+01 1.006614979310500894e+04
3.085112340466130831e+01 9.992187400697681369e+03
3.090375498360867468e+01 9.982678489195695875e+03
3.095638656255604459e+01 9.907440573944924836e+03
3.100901814150341096e+01 9.909637719177937470e+03
3.106164972045078088e+01 9.853471679557895186e+03
3.111428129939815079e+01 9.814657984901983582e+03
3.116691287834551716e+01 9.748491907470475780e+03
3.121954445729288707e+01 9.715403112297533880e+03
3.127217603624025344e+01 9.612467128398566274e+03
3.132480761518762336e+01 9.542669976559453062e+03
3.137743919413498972e+01 9.471253128630720312e+03
3.143007077308235964e+01 9.431971492477217907e+03
3.148270235202972600e+01 9.355632540056181824e+03
3.153533393097709592e+01 9.349848895986940988e+03
3.158796550992446583e+01 9.295306466651305527e+03
3.164059708887183220e+01 9.251068595948338043e+03
3.169322866781920212e+01 9.184854939618629942e+03
3.174586024676656848e+01 9.157317784308879709e+03
3.179849182571393840e+01 9.069491777490429740e+03
3.185112340466130831e+01 9.030363264135183272e+03
3.190375498360867468e+01 8.982807858355756252e+03
3.195638656255604459e+01 8.973934428324291730e+03
3.200901814150341096e+01 8.897235433996938809e+03
3.206164972045078088e+01 8.895083547130849183e+03
3.211428129939815079e+01 8.942859884125986355e+03
3.216691287834551360e+01 8.937122187354334528e+03
3.221954445729288352e+01 8.874858334872977139e+03
3.227217603624025344e+01 8.900128846600960969e+03
3.232480761518762336e+01 8.883849064819503837e+03
3.237743919413499327e+01 8.817692205049312179e+03
3.243007077308235608e+01 8.799796324283834110e+03
3.248270235202972600e+01 8.853028270105985939e+03
3.253533393097709592e+01 8.855803360587309726e+03
3.258796550992446583e+01 8.884795701447217652e+03
3.264059708887183575e+01 8.890008089237129752e+03
3.269322866781919856e+01 8.924988976831031323e+03
3.274586024676656848e+01 8.920602588792175084e+03
3.279849182571393840e+01 8.956661953336693841e+03
3.285112340466130831e+01 8.973558873407971987e+03
3.290375498360867823e+01 9.009914082399265681e+03
3.295638656255604104e+01 9.009038354277068720e+03
3.300901814150341096e+01 9.051249660706718714e+03
3.306164972045078088e+01 9.055401635805983460e+03
3.311428129939815079e+01 9.086011202938456336e+03
3.316691287834551360e+01 9.104563512854054352e+03
3.321954445729288352e+01 9.156249023014044724e+03
3.327217603624025344e+01 9.157342774987631856e+03
3.332480761518762336e+01 9.193976789781861953e+03
3.337743919413499327e+01 9.209058102530041651e+03
3.343007077308235608e+01 9.257821103593192674e+03
3.348270235202972600e+01 9.256538352575389581e+03
3.353533393097709592e+01 9.319867248979557189e+03
3.358796550992446583e+01 9.317293707574415748e+03
3.364059708887182865e+01 9.373037096744379596e+03
3.369322866781919856e+01 9.351805466724457801e+03
3.374586024676656848e+01 9.408502720507111007e+03
3.379849182571393840e+01 9.389887670416344918e+03
3.385112340466130831e+01 9.451444995827445382e+03
3.390375498360867823e+01 9.418322440404048393e+03
3.395638656255604104e+01 9.450863507671918342e+03
3.400901814150341096e+01 9.431378881356848069e+03
3.406164972045078088e+01 9.454178021508780148e+03
3.411428129939815079e+01 9.413016606348894129e+03
3.416691287834551360e+01 9.440008603811167632e+03
3.421954445729288352e+01 9.426600225275426055e+03
3.427217603624025344e+01 9.437195391180521256e+03
3.432480761518762336e+01 9.413148521676892415e+03
3.437743919413499327e+01 9.442808663053265263e+03
3.443007077308235608e+01 9.413845854855617290e+03
3.448270235202972600e+01 9.417722585847997834e+03
3.453533393097709592e+01 9.395344616270896950e+03
3.458796550992446583e+01 9.409113603800273268e+03
3.464059708887182865e+01 9.371351671134461867e+03
3.469322866781919856e+01 9.370611562189777032e+03
3.474586024676656848e+01 9.349690675344820193e+03
3.479849182571393840e+01 9.362111388460725721e+03
3.485112340466130831e+01 9.330534699412153714e+03
3.490375498360867113e+01 9.370609596438134759e+03
3.495638656255604104e+01 9.347520114783701501e+03
3.500901814150341096e+01 9.353592912169096962e+03
3.506164972045078088e+01 9.311718043739139830e+03
3.511428129939815079e+01 9.350524789977102046e+03
3.516691287834551360e+01 9.278862514534857837e+03
3.521954445729288352e+01 9.279548866113977056e+03
3.527217603624025344e+01 9.231109631447272477e+03
3.532480761518762336e+01 9.239402931903145145e+03
3.537743919413499327e+01 9.168768398540343696e+03
3.543007077308235608e+01 9.181439948357756293e+03
3.548270235202972600e+01 9.146933522953806460e+03
3.553533393097709592e+01 9.164218053080167010e+03
3.558796550992446583e+01 9.115049741760221877e+03
3.564059708887182865e+01 9.114870244830945012e+03
3.569322866781919856e+01 9.039905600687261540e+03
3.574586024676656848e+01 9.013813052703535504e+03
3.579849182571393840e+01 8.940145925213377268e+03
3.585112340466130831e+01 8.902012295899059609e+03
3.590375498360867113e+01 8.833303805161969649e+03
3.595638656255604104e+01 8.798235382486249364e+03
3.600901814150341096e+01 8.731101822897082457e+03
3.606164972045078088e+01 8.699413511427817866e+03
3.611428129939814369e+01 8.672846666848101449e+03
3.616691287834551360e+01 8.638007884292092058e+03
3.621954445729288352e+01 8.613120438727206420e+03
3.627217603624025344e+01 8.583330349624424343e+03
3.632480761518762336e+01 8.519711437364661833e+03
3.637743919413499327e+01 8.491564895669627731e+03
3.643007077308235608e+01 8.416208210026481538e+03
3.648270235202972600e+01 8.386069310438080720e+03
3.653533393097709592e+01 8.339501647593035159e+03
3.658796550992445873e+01 8.310859559740332770e+03
3.664059708887182865e+01 8.211646020438878622e+03
3.669322866781919856e+01 8.191394535654455467e+03
3.674586024676656848e+01 8.126885663392555216e+03
3.679849182571393840e+01 8.099787997407393050e+03
3.685112340466130831e+01 8.054468500911259980e+03
3.690375498360867113e+01 8.056412671441335988e+03
3.695638656255604104e+01 8.030669684110517665e+03
3.700901814150341096e+01 8.016324123908666479e+03
3.706164972045078088e+01 7.993604511491141238e+03
3.711428129939814369e+01 7.995424269621546046e+03
3.716691287834551360e+01 7.982219905762666713e+03
3.721954445729288352e+01 7.961894975119294031e+03
3.727217603624025344e+01 7.941049721998392670e+03
3.732480761518762336e+01 7.919425197493348605e+03
3.737743919413499327e+01 7.874408878191873555e+03
3.743007077308235608e+01 7.850734627909643677e+03
3.748270235202972600e+01 7.824000319491475238e+03
3.753533393097709592e+01 7.801018956596720273e+03
3.758796550992445873e+01 7.745728907528417949e+03
3.764059708887182865e+01 7.755300839509695834e+03
3.769322866781919856e+01 7.719860857626113102e+03
3.774586024676656848e+01 7.724621961056934197e+03
3.779849182571393840e+01 7.704525350198009619e+03
3.785112340466130831e+01 7.708731598643758844e+03
3.790375498360867113e+01 7.653403149059600764e+03
3.795638656255604104e+01 7.626568736153838472e+03
3.800901814150341096e+01 7.578441540004298076e+03
3.806164972045078088e+01 7.587246209642905342e+03
3.811428129939814369e+01 7.150571329362651340e+03
3.816691287834551360e+01 5.647254298444539927e+03
3.821954445729288352e+01 4.137581958724997094e+03
